2 0.2599261544691375 0.506650685097088 0.08005845740472481 0.10665461606642491
1 0.6726825266611977 0.45137179837754077 0.06726825266611983 0.12687995624829107
0 0.2551271534044299 0.381369063895725 0.011484823625922864 0.013125512715340406
2 0.45426161836808676 0.6286690280718933 0.638228055783429 0.4973110928812321
7 0.5661337209302326 0.5833333333333333 0.02325581395348827 0.05813953488372093
4 0.39716569767441856 0.7099483204134367 0.006540697674418609 0.14341085271317838
4 0.4778343023255814 0.7086563307493541 0.0036337209302325845 0.17183462532299743
4 0.12645348837209303 0.7532299741602069 0.0072674418604651335 0.20930232558139536
3 0.265625 0.7390180878552971 0.006540697674418538 0.1395348837209302
3 0.34411337209302323 0.7558139534883722 0.01235465116279073 0.18087855297157618
