0 0.5418120089380526 0.4303368946251824 0.04883686210550909 0.09302325581395401
2 0.808022073244826 0.2997286065043926 0.04538532588600967 0.0933848752372211
2 0.6705761512883326 0.5641245922181368 0.4504900096017155 0.4268976235946
4 0.3611918604651163 0.8430232558139537 0.031976744186046485 0.23385012919896653
4 0.251453488372093 0.8313953488372091 0.02470930232558139 0.18475452196382436
4 0.20675872093023254 0.7739018087855297 0.021075581395348878 0.14470284237726092
4 0.5872093023255814 0.6272609819121447 0.020348837209302247 0.15374677002583986
3 0.36181834188728146 0.7252197559202229 0.009949700283156648 0.12790697674418622
3 0.32766603311526316 0.7010881741618181 0.009447674418604668 0.1201550387596899
7 0.5792151162790699 0.5439276485788114 0.031976744186046416 0.04651162790697669
