4 0.5209370288819994 0.5628911166352897 0.005635155362232851 0.18811679135157455
4 0.5282940372715812 0.5762485219383602 0.004069834428279364 0.1313478188135254
4 0.5444168428913028 0.5737440084440344 0.005635155362232851 0.10741580097885774
3 0.6364577138077722 0.6121465486903618 0.005009026988651399 0.11075515230462528
3 0.6784083148377278 0.617990413510455 0.002504513494325664 0.14693145833377422
3 0.6840434701999605 0.5915538821814615 0.008139668856558445 0.19089958412304753
4 0.7090886051432173 0.6035198910987954 0.0056351553622327796 0.10685924242456295
4 0.8833088250922486 0.5990674226644387 0.0040698344282792225 0.2159447190663046
0 0.09079724409448818 0.07939632545931759 0.0856299212598425 0.14829396325459318
1 0.5986712598425197 0.07152230971128609 0.09448818897637806 0.14304461942257218
2 0.4085875984251968 0.33661417322834647 0.8171751968503936 0.6732283464566929
