7 0.5309038765822784 0.5142405063291139 0.020470727848101333 0.05696202531645575
4 0.4129746835443037 0.608386075949367 0.007120253164556942 0.185126582278481
4 0.43700553797468344 0.5229430379746836 0.003560126582278471 0.03639240506329109
4 0.4249901107594936 0.5450949367088608 0.004450158227848107 0.06803797468354432
3 0.2661194620253164 0.5435126582278481 0.003560126582278471 0.17563291139240506
3 0.32575158227848094 0.504746835443038 0.003560126582278471 0.10443037974683542
3 0.35690268987341767 0.4762658227848101 0.005340189873417742 0.05696202531645575
4 0.08811313291139239 0.5237341772151899 0.005340189873417725 0.1867088607594936
4 0.19981210443037972 0.46993670886075944 0.006230221518987342 0.13291139240506325
0 0.627917325949367 0.5356012658227847 0.052511867088607576 0.13132911392405056
1 0.2750197784810126 0.37262658227848106 0.0765427215189873 0.1376582278481013
2 0.41386471518987333 0.5490506329113924 0.6532832278481011 0.7563291139240507
