4 0.6737539556962027 0.7618670886075948 0.005340189873417753 0.16613924050632897
4 0.6679687499999999 0.7452531645569626 0.00445015822784691 0.10126582278480914
4 0.6546182753164556 0.6882911392405063 0.004450158227848107 0.037974683544303785
3 0.6857693829113924 0.7420886075949366 0.0026700949367089778 0.05696202531645568
3 0.8023635284810127 0.8765822784810122 0.0026700949367088308 0.10443037974683639
3 0.8121538765822788 0.878164556962025 0.0044501582278479255 0.1582278481012651
4 0.8953718354430376 0.9161392405063296 0.005340189873417323 0.1487341772151892
4 0.840189873417721 0.8520569620253162 0.0071202531645578986 0.10917721518987361
0 0.48462223101265833 0.5403481012658227 0.052511867088607646 0.11867088607594929
1 0.8001384493670884 0.7397151898734177 0.06586234177215175 0.14082278481012664
2 0.6741989715189862 0.675632911392405 0.6167919303797458 0.4968354430379748
