1 0.8106831395348837 0.4198966408268734 0.04287790697674424 0.09043927648578809
0 0.5218023255813954 0.4263565891472868 0.04651162790697676 0.10077519379844965
4 0.3066860465116279 0.7112403100775194 0.004360465116279109 0.2080103359173127
4 0.2140261627906977 0.6550387596899224 0.005087209302325597 0.13953488372093012
4 0.18132267441860464 0.5852713178294574 0.006540697674418574 0.12144702842377271
4 0.5581395348837209 0.6350129198966408 0.007267441860465098 0.15116279069767435
3 0.4523982558139535 0.6466408268733851 0.0036337209302325134 0.1744186046511627
3 0.34011627906976744 0.6291989664082687 0.0029069767441860252 0.13695090439276483
3 0.31031976744186046 0.5717054263565892 0.004360465116279073 0.07105943152454784
4 0.3797238372093023 0.6007751937984496 0.0036337209302325845 0.124031007751938
2 0.6464389534883721 0.5594315245478036 0.467296511627907 0.421188630490956
7 0.5737645348837209 0.5368217054263567 0.028343023255813903 0.011627906976744101
