7 0.42394793269910663 0.5816439201547863 0.019922266432136196 0.04277681450363446
4 0.6141150213694978 0.5574957184188637 0.0049158839248127605 0.16282787456222167
4 0.6317087112056701 0.5660050847448553 0.003880960993273277 0.10073249866984887
3 0.7242049482120169 0.6069420362590863 0.003622230260388477 0.10809195062746348
3 0.7697415571997567 0.585553629007269 0.009831767849625663 0.18030657296155617
4 0.7989781300157489 0.600732498669849 0.006209537589237328 0.10855191637481441
4 0.9672705622900618 0.5942929782069364 0.0069857297878920125 0.20790451780261057
1 0.6916383321403007 0.2012646146504413 0.07448997852541141 0.14197089000238605
0 0.3195239799570507 0.22906227630637083 0.05502863278453827 0.10975900739680267
2 0.548027022190408 0.36089238845144367 0.6449087329992842 0.5857790503459797
