2 0.4620750942005222 0.5557596594468763 0.06712867412053505 0.09553768589619137
1 0.9081214109926168 0.8998268161516725 0.07547169811320757 0.19250751982499323
2 0.6674659461625047 0.7442803755355024 0.6650681076749906 0.5114392489289941
7 0.7321947674418605 0.9231266149870802 0.028343023255814045 0.07881136950904391
4 0.6119186046511628 0.9186046511627908 0.01889534883720934 0.12144702842377257
7 0.5279796511627907 0.8611111111111112 0.028343023255813903 0.1589147286821705
7 0.30886627906976744 0.6718346253229974 0.02470930232558139 0.11627906976744186
7 0.31359011627906974 0.7784237726098191 0.029796511627906988 0.15633074935400515
3 0.4731104651162791 0.8397932816537468 0.03343023255813954 0.18087855297157618
3 0.4156976744186046 0.7545219638242894 0.021802325581395367 0.11111111111111115
3 0.42441860465116277 0.6750645994832041 0.008720930232558075 0.04780361757105936
