4 0.3124577131258458 0.8328822733423548 0.015984438430311235 0.21244925575101503
4 0.371447902571042 0.7774018944519622 0.010656292286874133 0.15561569688768628
4 0.3980886332882274 0.766576454668471 0.009133964817320645 0.12313937753721248
4 0.5674475642760488 0.7726657645466848 0.005328146143437138 0.11366711772665752
4 0.5819096752368066 0.8004059539918811 0.006850473612990484 0.1447902571041949
4 0.6032222598105549 0.8159675236806495 0.00989512855209739 0.1894451962110962
3 0.4643098782138025 0.8308525033829501 0.007611637347767299 0.18673883626522325
3 0.4757273342354534 0.780108254397835 0.006089309878213811 0.12855209742895796
3 0.48371955345060896 0.7591339648173208 0.005328146143437067 0.11366711772665752
2 0.41178958051420833 0.6732070365358593 0.14918809201623812 0.1393775372124493
