4 0.5357196093053772 0.5524779102659445 0.00752671222937849 0.175205134672755
4 0.5417174581131633 0.5637679786100123 0.003528146357521038 0.1283722585788445
4 0.5585349557506808 0.5610499991938478 0.003763356114689245 0.10370136849365927
3 0.6480322683531344 0.5988926356804453 0.004939404900529638 0.1057921218907088
3 0.6868418782858674 0.6039104438333643 0.0039985658718573805 0.13840787488468245
3 0.6906052344005568 0.5773578756908346 0.008702761015218954 0.1806410935050839
4 0.718595195503558 0.5894842453937222 0.006821082957874154 0.10788287528775847
4 0.8784202254992671 0.5796577044275892 0.007056292715042219 0.20029417543735015
0 0.17421259842519685 0.1548556430446194 0.06496062992125985 0.13123359580052493
1 0.6031003937007874 0.14173228346456693 0.07529527559055119 0.14960629921259844
2 0.42482775590551186 0.35104986876640415 0.7404035433070867 0.5918635170603674
