1 0.5094476744186046 0.5064599483204134 0.04505813953488371 0.10594315245478043
0 0.26671511627906974 0.5497416020671835 0.031976744186046485 0.0813953488372092
4 0.2768895348837209 0.7680878552971576 0.0072674418604651335 0.177002583979328
4 0.29978197674418605 0.7060723514211886 0.005087209302325562 0.11240310077519382
4 0.47383720930232553 0.6666666666666667 0.004360465116279073 0.12144702842377264
4 0.5254360465116279 0.7034883720930233 0.004360465116279073 0.14341085271317838
4 0.4989098837209302 0.684108527131783 0.0036337209302325134 0.10981912144702846
7 0.7467296511627908 0.5968992248062015 0.028343023255813903 0.05684754521963832
3 0.40879360465116277 0.7189922480620154 0.005087209302325562 0.15891472868217044
3 0.39280523255813954 0.6886304909560724 0.006540697674418538 0.10852713178294565
2 0.39316860465116277 0.6214470284237726 0.3880813953488373 0.4289405684754523
