0 0.4467958860759493 0.6068037974683544 0.048061708860759465 0.10284810126582279
1 0.7547468354430379 0.6732594936708861 0.062302215189873354 0.11867088607594929
2 0.6265822784810127 0.7270569620253172 0.5553797468354431 0.42246835443037783
4 0.6412678006329113 0.7428797468354431 0.004450158227848036 0.15031645569620253
4 0.635037579113924 0.7112341772151899 0.0026700949367089066 0.09968354430379733
3 0.7801127373417722 0.809335443037975 0.008010284810126457 0.1408227848101264
3 0.770767405063291 0.7856012658227849 0.003560126582278542 0.09651898734177208
4 0.9527788765822782 0.8560126582278481 0.004450158227848107 0.22151898734177222
4 0.8571004746835442 0.7990506329113924 0.005340189873417813 0.14556962025316453
4 0.7983583860759491 0.728639240506329 0.001780063291139352 0.0901898734177215
3 0.653283227848101 0.7049050632911391 0.0053401898734183155 0.07436708860759517
4 0.6181269778481012 0.6811708860759493 0.004450158227848107 0.03955696202531641
