4 0.792128164556962 0.8212025316455697 0.005340189873417671 0.20253164556962033
4 0.6973397943037974 0.7848101265822786 0.006230221518987378 0.1392405063291139
4 0.6421578322784809 0.7183544303797469 0.0062302215189873065 0.08860759493670883
3 0.6141218354430379 0.7697784810126583 0.003560126582278471 0.1439873417721519
3 0.6190170094936708 0.795886075949367 0.006230221518987449 0.18037974683544292
4 0.45792128164556956 0.678006329113924 0.006230221518987378 0.09335443037974685
4 0.4703817246835442 0.7175632911392406 0.004450158227848107 0.12183544303797475
4 0.46281645569620244 0.759493670886076 0.007120253164556942 0.1677215189873418
7 0.26255933544303794 0.6621835443037974 0.023140822784810097 0.05221518987341774
0 0.026700949367088608 0.6637658227848101 0.05162183544303797 0.18196202531645567
1 0.538914161392405 0.7120253164556962 0.0934533227848101 0.17405063291139228
2 0.3818235759493671 0.7492088607594937 0.7600870253164557 0.4984177215189874
