0 0.5999273255813954 0.27067183462532296 0.1039244186046512 0.24160206718346244
3 0.3219476744186046 0.6001291989664083 0.013081395348837184 0.18475452196382428
3 0.3012354651162791 0.5400516795865633 0.009447674418604635 0.13695090439276483
3 0.45784883720930236 0.6828165374677003 0.015988372093023243 0.264857881136951
4 0.22383720930232556 0.7319121447028424 0.026162790697674403 0.3346253229974161
4 0.15225290697674418 0.6020671834625323 0.012354651162790695 0.20413436692506465
4 0.14207848837209303 0.5 0.01816860465116278 0.17054263565891475
4 0.4731104651162791 0.6337209302325582 0.010174418604651124 0.16149870801033595
4 0.6111918604651163 0.6950904392764857 0.027616279069767487 0.21963824289405687
7 0.6202761627906976 0.5801033591731266 0.02543604651162788 0.06459948320413432
2 0.673691860465116 0.5284237726098187 0.6526162790697672 0.9431524547803609
