4 0.6207970727848084 0.6629746835443031 0.004450158227847205 0.12974683544303783
4 0.6141218354430377 0.6447784810126584 0.003560126582278871 0.08702531645569693
4 0.5994363132911392 0.6091772151898734 0.0026700949367089066 0.037974683544303785
3 0.7476265822784818 0.7950949367088608 0.005340189873417654 0.12816455696202575
3 0.7360561708860758 0.7792721518987339 0.003560126582278804 0.08386075949367039
3 0.6323674841772151 0.6431962025316456 0.0026700949367089066 0.03322784810126571
4 0.9082772943037947 0.8947784810126587 0.006230221518987499 0.16930379746835414
4 0.8166040348101267 0.8441455696202528 0.002670094936708266 0.11867088607594994
4 0.7689873417721519 0.740506329113924 0.003560126582278542 0.05379746835443044
0 0.4276602056962025 0.4406645569620254 0.050731803797468375 0.12183544303797468
1 0.7382812499999999 0.6598101265822786 0.0703125 0.1424050632911392
2 0.6034414556962026 0.6004746835443038 0.6070015822784811 0.5680379746835442
