4 0.5054505813953488 0.5917312661498708 0.005087209302325562 0.19121447028423774
4 0.4407703488372093 0.5251937984496124 0.0021802325581395366 0.1485788113695091
4 0.41933139534883723 0.4651162790697675 0.0058139534883720504 0.13695090439276483
4 0.6653343023255814 0.5232558139534883 0.0036337209302324423 0.1550387596899224
3 0.7787063953488373 0.538113695090439 0.010901162790697723 0.16149870801033595
3 0.5479651162790697 0.5096899224806202 0.0058139534883720504 0.13824289405684753
3 0.5254360465116279 0.4631782945736434 0.0029069767441860252 0.10723514211886297
3 0.6504360465116278 0.5478036175710594 0.002906976744186096 0.18346253229974166
0 0.706031976744186 0.3165374677002584 0.05741279069767444 0.11627906976744189
7 0.8244912790697676 0.4450904392764858 0.03125 0.05813953488372093
2 0.791424418604651 0.4379844961240309 0.4171511627906975 0.449612403100775
