4 0.043199078330195234 0.6284239266902593 0.010559774702936604 0.1638365044819256
4 0.12527732715756618 0.5785049917309224 0.00959979518448783 0.1322638447640545
4 0.28799385553463464 0.6139175695225877 0.009599795184487427 0.18943595830722626
4 0.3064734612647739 0.5682652102008019 0.008159825906814583 0.1407969960391548
4 0.32015316940266914 0.5571721135431718 0.006719856629141461 0.10666439093875368
3 0.11687750637113896 0.6395170233478892 0.012959723499058533 0.21162215162248657
3 0.1910359241713078 0.5964246094086331 0.00959979518448783 0.149330147314255
3 0.22847512539081033 0.5721051282745973 0.006719856629141532 0.11946411785140398
0 0.4629024144869216 0.3672032193158954 0.06564386317907442 0.1267605633802817
1 0.07865945674044265 0.3661971830985915 0.09620221327967807 0.16096579476861167
7 0.2829476861167003 0.4657947686116703 0.5591046277665997 0.4808853118712274
7 0.42422949612496597 0.5156303259598175 0.025035013613606126 0.04874542333231247
