0 0.36152255396677696 0.42926375463448124 0.06029559907522051 0.10594315245478061
1 0.7365552325581396 0.434108527131783 0.0574127906976743 0.12144702842377264
3 0.38263081395348836 0.6789405684754521 0.005087209302325633 0.19767441860465126
3 0.29941860465116277 0.6414728682170542 0.004360465116279073 0.1434108527131783
4 0.20167151162790695 0.7428940568475453 0.007994186046511621 0.23255813953488377
4 0.16206395348837208 0.6679586563307494 0.007267441860465098 0.16279069767441862
4 0.5178052325581395 0.6679586563307494 0.009447674418604635 0.17312661498708004
4 0.42841569767441856 0.6453488372093023 0.006540697674418609 0.13565891472868216
2 0.5207122093023255 0.6072351421188631 0.6140988372093023 0.5064599483204134
7 0.596656976744186 0.569767441860465 0.027616279069767345 0.06201550387596903
