4 0.466213409030983 0.5502015815973728 0.006543041503925906 0.15917574652825542
4 0.4727564505349088 0.563058084201578 0.0037880766601676185 0.11876959548646746
4 0.48808094247831435 0.5606092265626819 0.0034437060546978417 0.10285202083364198
3 0.5698689612773877 0.5933626974829189 0.004476817871107244 0.09856651996557353
3 0.602756354099752 0.5759145868057832 0.006198670898456271 0.16162460416715163
4 0.6786900726058392 0.6083619505211584 0.005165559082046797 0.11999402430591573
4 0.7568622000474801 0.5753023723960592 0.00516555908204694 0.16897117708384038
0 0.14696671438797423 0.20221904080171801 0.0684502505368647 0.13004056311142928
1 0.5207587687902648 0.22548317823908376 0.06308160343593422 0.11691720353137676
2 0.34594219756621336 0.3620854211405393 0.6288027916964926 0.5261274158911955
