0 0.8339596518987341 0.5039556962025317 0.05696202531645582 0.09968354430379747
1 0.5429193037974683 0.5237341772151899 0.048061708860759396 0.0886075949367089
7 0.7089102056962026 0.5466772151898733 0.027590981012658205 0.055379746835442986
4 0.6270272943037973 0.6693037974683544 0.008010284810126578 0.17405063291139242
4 0.6225771360759493 0.6107594936708861 0.0062302215189873065 0.12341772151898737
3 0.5055379746835443 0.6748417721518988 0.005340189873417742 0.1693037974683545
3 0.5344640031645569 0.625 0.0062302215189873065 0.1265822784810127
3 0.5487045094936708 0.6028481012658228 0.006230221518987449 0.06645569620253156
4 0.3764833860759494 0.6938291139240507 0.0053401898734176 0.15981012658227847
4 0.4775019778481013 0.6162974683544303 0.006230221518987378 0.13449367088607603
2 0.6813192246835446 0.615506329113924 0.5153283227848107 0.4556962025316459
