4 0.7832522883295195 0.7076659038901603 0.02831807780320375 0.5778032036613274
4 0.7140660755148742 0.6773455377574372 0.00836670480549202 0.21052631578947378
4 0.43893020594965676 0.6212814645308925 0.014159038901601804 0.23569794050343248
4 0.4582379862700229 0.5949656750572083 0.0064359267734553785 0.16933638443935942
4 0.1724828375286041 0.5863844393592678 0.032179633867276854 0.31693363844393585
3 0.5711885011441648 0.6573226544622426 0.01351544622425628 0.17505720823798632
3 0.6526029748283753 0.7145308924485128 0.015446224256292993 0.282608695652174
4 0.387120995423341 0.6624713958810068 0.014802631578947411 0.4622425629290616
4 0.8888014874141876 0.7814645308924486 0.016733409610983897 0.3180778032036613
7 0.34914902745995424 0.5943935926773456 0.03024885583524025 0.06292906178489702
