7 0.3949286936987378 0.5798939804689897 0.020317865722717272 0.03856950781261581
4 0.5822784555651528 0.5554054040800274 0.004132447265637325 0.16346124739632373
4 0.5858943469225856 0.5685680138890946 0.0037880766601676896 0.11754516666701932
4 0.6001857270495816 0.5667313706599224 0.004821188476576807 0.10285202083364198
3 0.6904108256826648 0.602239806423918 0.0034437060546977706 0.10407644965309011
3 0.7322518542472435 0.583261159722472 0.005854300292986494 0.18121546527832144
4 0.759973687987561 0.593056590278057 0.0034437060546980546 0.10530087847253804
4 0.9185563518063963 0.5844855885419202 0.0030993354492281355 0.195908611111699
1 0.6551427165354333 0.20538057742782173 0.06717519685039378 0.12992125984251973
0 0.28309547244094513 0.2178477690288716 0.05093503937007874 0.11548556430446194
2 0.5075049212598428 0.36286089238845165 0.6385334645669293 0.5551181102362206
