0 0.46192642405063294 0.615506329113924 0.05518196202531648 0.11075949367088614
1 0.7774426424050631 0.733386075949367 0.06319224683544306 0.13765822784810125
2 0.6492780854430376 0.7484177215189873 0.5811906645569611 0.446202531645569
4 0.6586234177215189 0.7761075949367089 0.007120253164557055 0.15348101265822767
4 0.6501681170886076 0.7642405063291139 0.0026700949367089778 0.11075949367088614
4 0.633257515822785 0.7120253164556963 0.0044501582278478015 0.07594936708860726
3 0.8010284810126577 0.873417721518987 0.0053401898734185575 0.13291139240506436
3 0.792128164556962 0.8449367088607593 0.003560126582278542 0.08227848101265821
4 0.9888251582278478 0.9034810126582278 0.005340189873418016 0.17721518987341767
4 0.87890625 0.8670886075949366 0.004450158227848107 0.11708860759493675
4 0.8206091772151897 0.8093354430379747 0.005340189873418244 0.0901898734177215
3 0.6706388449367084 0.7729430379746836 0.006230221518988158 0.07120253164556978
