7 0.5549347310126581 0.5245253164556963 0.022250791139240434 0.05537974683544309
4 0.4325553797468354 0.6352848101265824 0.005340189873417671 0.21677215189873408
4 0.44724090189873406 0.5751582278481012 0.004450158227848036 0.08702531645569628
4 0.12282436708860757 0.5079113924050632 0.005340189873417707 0.20886075949367083
4 0.229628164556962 0.4770569620253164 0.005340189873417707 0.125
4 0.29371044303797467 0.4707278481012658 0.003560126582278436 0.04588607594936711
3 0.2923753955696203 0.553006329113924 0.004450158227848071 0.16930379746835442
3 0.35022745253164556 0.514240506329114 0.004450158227848107 0.10759493670886072
3 0.3791534810126582 0.49208860759493667 0.003560126582278542 0.05063291139240505
0 0.6608484968354429 0.5498417721518988 0.05429193037974685 0.13765822784810125
1 0.30928599683544306 0.38449367088607594 0.07743275316455697 0.1392405063291139
2 0.45258109177215183 0.5704113924050631 0.6452729430379747 0.7674050632911389
