0 0.6700581395348837 0.2635658914728682 0.05377906976744185 0.1111111111111111
7 0.7696220930232558 0.4089147286821706 0.026162790697674437 0.05555555555555557
3 0.6086482558139535 0.47286821705426346 0.007994186046511729 0.16279069767441862
4 0.7242005813953489 0.4909560723514214 0.019622093023255575 0.16020671834625305
4 0.47129360465116277 0.49935400516795864 0.009447674418604635 0.1821705426356589
4 0.40588662790697666 0.43604651162790703 0.006540697674418609 0.13307493540051674
3 0.5116279069767442 0.432170542635659 0.005813953488372121 0.12273901808785531
3 0.4898255813953488 0.3856589147286822 0.004360465116279073 0.09173126614987076
4 0.6202761627906976 0.4554263565891473 0.007994186046511658 0.11757105943152446
2 0.7787063953488372 0.38824289405684753 0.44258720930232553 0.38630490956072355
