4 0.634147547468354 0.6012658227848106 0.004450158227847919 0.1645569620253161
4 0.6256922468354431 0.5973101265822784 0.0053401898734174 0.12183544303797503
4 0.6101166930379743 0.5427215189873418 0.004450158227848707 0.07278481012658218
3 0.7703223892405063 0.6408227848101266 0.004450158227848107 0.11708860759493675
3 0.7600870253164556 0.627373417721519 0.0035601265822786843 0.09335443037974685
4 0.9398734177215189 0.6748417721518988 0.005340189873417813 0.17563291139240506
4 0.8455300632911391 0.6289556962025317 0.003560126582278542 0.12183544303797461
4 0.791683148734177 0.5593354430379744 0.004450158227847607 0.06487341772151915
0 0.42276503164556956 0.48417721518987344 0.05162183544303794 0.10443037974683535
1 0.7422863924050631 0.5229430379746836 0.06052215189873422 0.125
2 0.6194620253164556 0.6376582278481012 0.5696202531645569 0.5
3 0.6439378955696202 0.5625000000000002 0.004450158227848221 0.07120253164556929
