0 0.4135174418604652 0.40116279069767447 0.052325581395348805 0.11240310077519375
1 0.7078488372093023 0.41149870801033583 0.04941860465116278 0.09173126614987076
7 0.515625 0.4405684754521964 0.02398255813953497 0.018087855297157632
4 0.4796511627906977 0.5639534883720931 0.008720930232558146 0.1382428940568476
4 0.38372093023255816 0.5490956072351421 0.002906976744186096 0.1343669250645995
4 0.20385174418604649 0.6563307493540051 0.005087209302325597 0.21447028423772607
4 0.11773255813953488 0.5594315245478036 0.004360465116279073 0.1343669250645995
4 0.0879360465116279 0.48385012919896647 0.005813953488372086 0.13049095607235145
3 0.25763081395348836 0.5458656330749353 0.0021802325581395366 0.13824289405684745
3 0.36591569767441867 0.5872093023255814 0.0036337209302325134 0.1847545219638243
2 0.5377906976744186 0.5348837209302325 0.48255813953488347 0.44702842377260976
