0 0.4454608386075949 0.6257911392405063 0.0471716772151899 0.10601265822784796
1 0.7480715981012658 0.7104430379746836 0.05607199367088612 0.12025316455696199
2 0.6234671677215189 0.7492088607594937 0.5455893987341769 0.43196202531645606
4 0.6368176424050632 0.7563291139240507 0.0026700949367089066 0.11392405063291136
4 0.6288073575949368 0.7254746835443036 0.002670094936708805 0.06803797468354457
3 0.7698773734177214 0.8496835443037974 0.00534018987341747 0.14240506329113878
3 0.7609770569620252 0.8148734177215189 0.005340189873417813 0.08860759493670897
4 0.9394284018987338 0.8837025316455699 0.006230221518988183 0.19778481012658222
4 0.8441950158227849 0.817246835443038 0.004450158227848107 0.12183544303797475
4 0.7899030854430376 0.7966772151898733 0.004450158227848106 0.08386075949367071
3 0.646162974683544 0.7310126582278481 0.0035601265822786995 0.06645569620253178
