7 0.37292325949367083 0.666139240506329 0.02492088607594944 0.04746835443037966
4 0.5607199367088608 0.7120253164556962 0.003560126582278542 0.14240506329113928
4 0.5736253955696202 0.7420886075949368 0.004450158227848107 0.1487341772151899
4 0.5678401898734177 0.7856012658227849 0.008900316455696214 0.20411392405063297
4 0.7583069620253164 0.7365506329113924 0.007120253164557084 0.11550632911392412
4 0.8263943829113923 0.8109177215189873 0.0044501582278479645 0.15348101265822778
4 0.9541139240506328 0.863132911392405 0.014240506329113884 0.22310126582278486
3 0.5981012658227847 0.7428797468354431 0.007120253164557013 0.11550632911392399
3 0.7289359177215189 0.7895569620253164 0.005340189873417671 0.15189873417721514
3 0.7369462025316454 0.8148734177215189 0.007120253164556942 0.18987341772151894
0 0.16020569620253164 0.666139240506329 0.07654272151898732 0.16139240506329103
1 0.6697488132911392 0.7373417721518988 0.10413370253164551 0.2025316455696202
2 0.4730518196202531 0.759493670886076 0.9105023734177213 0.46518987341772144
