1 0.5414616141732282 0.21391076115485563 0.06274606299212607 0.11286089238845143
0 0.16572342519685038 0.19750656167979003 0.06569881889763778 0.11942257217847771
2 0.3705708661417323 0.3674540682414698 0.625984251968504 0.5170603674540682
3 0.62286587560616 0.5729667744229618 0.007500391787131804 0.16074913756124623
3 0.5893224567803756 0.5959309369317114 0.004583572758802817 0.10000522382842511
4 0.7816241684337848 0.5774114510375586 0.007500391787131519 0.17704628514810067
4 0.7007866125058078 0.6103761359291506 0.0050002611914212024 0.12296938633717452
4 0.4822335295974372 0.5518545605036277 0.009583833950224161 0.16297147586854457
4 0.5066098029056159 0.5637070314758854 0.0050002611914212024 0.10667223875032014
4 0.4909839866824244 0.5618550828864701 0.004583572758802817 0.10593145931455389
