4 0.34310719936708856 0.7507911392405063 0.004450158227848107 0.17563291139240506
4 0.3551226265822784 0.7009493670886076 0.003560126582278471 0.16455696202531642
4 0.36802808544303794 0.6637658227848101 0.004450158227848107 0.0996835443037974
3 0.19224683544303794 0.7666139240506328 0.007120253164556977 0.1977848101265822
3 0.25454905063291133 0.7080696202531647 0.005340189873417742 0.13765822784810142
3 0.28481012658227844 0.6748417721518988 0.003560126582278471 0.11550632911392406
4 0.006230221518987341 0.8061708860759493 0.0035601265822784805 0.2262658227848101
4 0.12415941455696203 0.7460443037974684 0.006230221518987342 0.1914556962025317
0 0.5019778481012658 0.6012658227848101 0.049841772151898736 0.11392405063291136
7 0.46326147151898733 0.6162974683544304 0.01869066455696199 0.04588607594936697
1 0.18379153481012658 0.6028481012658228 0.07209256329113924 0.11075949367088597
2 0.3017207278481012 0.7349683544303803 0.5767405063291139 0.5079113924050644
