0 0.39425872093023256 0.4702842377260982 0.026889534883720926 0.07493540051679588
3 0.6079215116279066 0.45348837209302334 0.05014534883720919 0.11627906976744198
3 0.5414244186046511 0.6582687338501292 0.004360465116279073 0.15116279069767444
4 0.4585755813953488 0.6382428940568475 0.004360465116279073 0.11627906976744186
4 0.4236918604651163 0.6718346253229973 0.007267441860465027 0.14211886304909555
4 0.6297238372093023 0.622093023255814 0.005087209302325633 0.10723514211886304
4 0.6511627906976745 0.6666666666666665 0.002906976744186096 0.14211886304909555
4 0.6664244186046511 0.687984496124031 0.010174418604651124 0.17183462532299734
3 0.5690406976744186 0.5988372093023255 0.004360465116279073 0.09173126614987076
7 0.9854651162790696 0.6285529715762275 0.029069767441860534 0.0736434108527132
2 0.5188953488372092 0.5652454780361756 0.35901162790697666 0.43540051679586556
