1 0.5647145669291338 0.21522309711286092 0.0679133858267717 0.12598425196850396
3 0.19340551181102364 0.2053805774278215 0.06053149606299211 0.11942257217847771
1 0.40194389763779526 0.3713910761154856 0.62376968503937 0.5170603674540682
4 0.8126674566638584 0.5828326096356651 0.0053033073242346514 0.18317455138943836
4 0.7276251356430954 0.6117903512156132 0.0049244996582180536 0.12121845312536365
4 0.5060226510232898 0.5562318935331548 0.00947019165041894 0.1609511683164552
3 0.6476967181135587 0.5771084049047451 0.009470191650419225 0.16095116831645512
3 0.6126570090070083 0.6000052238284249 0.0022728459961005145 0.1003419417537733
4 0.5287511109842956 0.5663334312936017 0.0026516536621173257 0.11515753046909559
4 0.5130305928445998 0.571047482248477 0.00454569199220117 0.13401373428859642
