7 0.9327531645569619 0.7199367088607594 0.03560126582278471 0.07278481012658233
4 0.7961333069620252 0.8125 0.004450158227848107 0.18196202531645583
4 0.8010284810126582 0.7033227848101266 0.005340189873417671 0.09651898734177208
3 0.6301424050632911 0.7231012658227849 0.005340189873417813 0.20253164556962033
3 0.6777590981012657 0.6906645569620252 0.004450158227848107 0.10601265822784818
3 0.7026799841772151 0.6748417721518988 0.004450158227848107 0.049050632911392424
4 0.4801720727848101 0.6455696202531647 0.006230221518987378 0.19620253164556956
4 0.5611649525316456 0.634493670886076 0.004450158227848107 0.15506329113924053
4 0.6176819620253164 0.5965189873417721 0.003560126582278542 0.09493670886075947
1 0.7008999208860759 0.5625 0.08633306962025301 0.16297468354430378
2 0.7478738132911392 0.6424050632911392 0.4971321202531646 0.550632911392405
