1 0.7877906976744187 0.22416020671834624 0.14534883720930225 0.3062015503875969
0 0.06031976744186046 0.2674418604651163 0.08575581395348837 0.22222222222222224
3 0.3375726744186046 0.6770025839793283 0.005087209302325562 0.25064599483204136
3 0.3026889534883721 0.6149870801033592 0.006540697674418609 0.16279069767441853
3 0.32594476744186046 0.5633074935400516 0.005087209302325562 0.12661498708010335
4 0.19404069767441862 0.5413436692506459 0.010174418604651158 0.12661498708010327
4 0.1555232558139535 0.6337209302325582 0.008720930232558164 0.17958656330749356
4 0.10683139534883722 0.729328165374677 0.013081395348837201 0.2855297157622739
4 0.453125 0.6356589147286822 0.005087209302325562 0.16795865633074938
4 0.40588662790697666 0.5788113695090439 0.006540697674418609 0.12919896640826883
4 0.5232558139534883 0.704780361757106 0.01889534883720934 0.29069767441860456
7 0.7013081395348837 0.5613695090439277 0.03052325581395351 0.06847545219638235
2 0.5003633720930233 0.5258397932816536 0.9992732558139535 0.9483204134366925
