4 0.5223235331528635 0.5552217397571101 0.0060609226562681326 0.1602777324657587
4 0.5406957049546762 0.5649865595922088 0.00416688432618443 0.10168881345516624
4 0.5264904174790478 0.5548850218317619 0.0037880766601675474 0.09360758324680873
3 0.6251698144764143 0.600005223828425 0.00492449965821784 0.1043825568579522
3 0.6628611772450822 0.5808123020835758 0.007576153320335237 0.1697058343755092
4 0.6908929445303224 0.5919239936200674 0.0030304613281339245 0.10034194175377323
4 0.7435472101066521 0.6175145559465332 0.0053033073242346514 0.12862624748302479
4 0.8297259541254656 0.5848529171877545 0.005682114990251535 0.1791339362852596
1 0.5856075518969219 0.21176330231448343 0.06912133142448099 0.134812693867812
0 0.21517090193271288 0.20162252445717013 0.05435755189692195 0.11691720353137675
2 0.4238770579813887 0.3537341923168695 0.6301449534717252 0.5452159389167263
