4 0.9300830696202531 0.840981012658228 0.003560126582278543 0.20411392405063297
4 0.9242978639240504 0.7444620253164558 0.004450158227848107 0.13132911392405064
3 0.7302709651898733 0.7389240506329113 0.006230221518987378 0.2215189873417721
3 0.7814477848101266 0.704113924050633 0.005340189873417671 0.11075949367088611
3 0.8094837816455694 0.6811708860759493 0.004450158227848107 0.049050632911392424
4 0.5722903481012658 0.6455696202531646 0.007120253164556942 0.21202531645569622
4 0.6519481803797467 0.6226265822784811 0.006230221518987235 0.15348101265822783
4 0.714695411392405 0.5988924050632911 0.007120253164556942 0.09651898734177217
1 0.8335146360759496 0.5870253164556959 0.1148140822784815 0.18987341772151858
2 0.7932654272151899 0.6360759493670887 0.41346914556962033 0.5664556962025317
