4 0.36758306962025317 0.6075949367088608 0.005340189873417742 0.1424050632911392
4 0.3933939873417721 0.5 0.003560126582278471 0.08227848101265821
4 0.40407436708860756 0.46756329113924056 0.003560126582278471 0.02373417721518983
3 0.21850276898734175 0.5245253164556961 0.0062302215189873065 0.18196202531645567
3 0.28436511075949367 0.4920886075949367 0.004450158227848107 0.10443037974683542
3 0.3172962816455696 0.4564873417721519 0.0062302215189873065 0.04588607594936711
4 0.15130537974683542 0.4857594936708861 0.005340189873417707 0.180379746835443
0 0.5785205696202531 0.5197784810126582 0.06052215189873422 0.1313291139240507
1 0.21894778481012658 0.3536392405063291 0.07476265822784807 0.1534810126582279
7 0.4961926424050633 0.5031645569620253 0.025810917721519003 0.05063291139240512
2 0.3488924050632909 0.538234388826902 0.6799841772151893 0.6791966449924982
