7 0.8499802215189872 0.6732594936708861 0.03204113924050631 0.06803797468354432
4 0.7195905854430379 0.7745253164556962 0.004450158227848107 0.1914556962025317
4 0.7351661392405063 0.6518987341772151 0.005340189873417671 0.047468354430379736
3 0.5678401898734177 0.6764240506329113 0.0035601265822784002 0.19778481012658233
3 0.6176819620253163 0.6526898734177216 0.0035601265822784002 0.09335443037974692
3 0.6452729430379747 0.6234177215189873 0.005340189873417671 0.04113924050632903
4 0.42276503164556956 0.6139240506329113 0.005340189873417742 0.1930379746835444
4 0.5077630537974683 0.5901898734177214 0.004450158227848107 0.12974683544303786
4 0.5633900316455696 0.557753164556962 0.005340189873417813 0.08069620253164558
1 0.616346914556962 0.5213607594936708 0.07921281645569621 0.15031645569620244
2 0.7106902689873416 0.5965189873417722 0.5758504746835439 0.5253164556962027
