4 0.7914244186046513 0.6905684754521964 0.0886627906976746 0.14857881136950898
4 0.528343023255814 0.7887596899224806 0.0406976744186047 0.2338501291989664
4 0.48183139534883723 0.6679586563307494 0.023255813953488344 0.14211886304909577
4 0.4832848837209302 0.562015503875969 0.020348837209302317 0.0981912144702843
4 0.7169331395348837 0.8546511627906976 0.028343023255814045 0.1485788113695091
3 0.5933866279069768 0.7286821705426356 0.03270348837209305 0.13695090439276497
3 0.5824854651162791 0.6563307493540051 0.023982558139534902 0.09819121447028423
3 0.686046511627907 0.8733850129198966 0.04215116279069761 0.1989664082687338
7 0.9131540697674417 0.9211886304909561 0.047238372093023305 0.06976744186046517
2 0.8146802325581396 0.757751937984496 0.36918604651162795 0.4844961240310077
