4 0.7044600474683539 0.6969936708860758 0.004450158227848106 0.11867088607594901
4 0.697784810126581 0.6851265822784813 0.00356012658227837 0.08227848101265849
4 0.6799841772151898 0.6471518987341773 0.003560126582278542 0.05063291139240512
3 0.714695411392405 0.6906645569620253 0.0035601265822784002 0.0775316455696202
3 0.8392998417721528 0.8093354430379752 0.0053401898734176745 0.09335443037974595
3 0.8522053006329111 0.8148734177215186 0.004450158227848103 0.1550632911392389
4 0.9385383702531646 0.8639240506329111 0.00445015822784775 0.12341772151898783
0 0.49085245253164556 0.5087025316455697 0.04717167721518983 0.11867088607594937
1 0.8450850474683542 0.6772151898734177 0.0738726265822784 0.14556962025316458
2 0.6830992879746836 0.6060126582278478 0.6167919303797467 0.42405063291139233
