7 0.3747033227848101 0.6566455696202531 0.024920886075949368 0.05063291139240505
4 0.5629450158227848 0.6938291139240507 0.006230221518987378 0.125
4 0.5758504746835442 0.7159810126582278 0.005340189873417671 0.13132911392405064
4 0.5691752373417721 0.7681962025316456 0.0062302215189873065 0.1882911392405063
3 0.5994363132911392 0.7310126582278481 0.0062302215189873065 0.11708860759493661
3 0.7311609968354429 0.7768987341772151 0.004450158227848107 0.1392405063291139
3 0.7391712816455696 0.8053797468354431 0.006230221518987378 0.18354430379746844
4 0.7623121044303797 0.7175632911392404 0.008010284810126791 0.10601265822784811
4 0.8308445411392404 0.8045886075949366 0.006230221518987235 0.15348101265822792
4 0.9558939873417721 0.8520569620253164 0.008900316455696214 0.2199367088607596
0 0.16554588607594936 0.6574367088607594 0.07654272151898735 0.15981012658227856
1 0.6652986550632911 0.7199367088607596 0.09879351265822792 0.20253164556962033
2 0.4783920094936709 0.759493670886076 0.9122824367088608 0.4810126582278481
