1 0.5963212025316456 0.682753164556962 0.0676424050632911 0.1344936708860759
4 0.6501681170886076 0.8947784810126582 0.004450158227848107 0.1724683544303798
4 0.6555083069620252 0.8037974683544304 0.004450158227848107 0.08860759493670883
3 0.5162183544303798 0.7895569620253164 0.005340189873417671 0.18987341772151908
3 0.5540446993670887 0.7753164556962026 0.004450158227848178 0.1139240506329115
3 0.574070411392405 0.7539556962025316 0.005340189873417742 0.05221518987341781
4 0.3840486550632911 0.6851265822784812 0.004450158227848151 0.19936708860759514
4 0.503757911392405 0.6645569620253164 0.003560126582278471 0.06962025316455694
0 0.9692444620253164 0.949367088607595 0.05874208860759495 0.09493670886075932
2 0.7015921677215191 0.7175632911392402 0.5968156645569619 0.4952531645569625
7 0.754301819620253 0.8188291139240504 0.027590981012658205 0.058544303797468306
