0 0.16206395348837213 0.28294573643410853 0.12354651162790699 0.2222222222222222
1 0.9665697674418604 0.23514211886304914 0.06686046511627908 0.3074935400516796
3 0.3168604651162791 0.6007751937984496 0.004360465116279073 0.13178294573643407
3 0.3063226744186046 0.6595607235142118 0.00944767441860467 0.17958656330749356
3 0.36809593023255816 0.7183462532299743 0.01235465116279073 0.2790697674418605
4 0.17478197674418602 0.5813953488372092 0.010901162790697647 0.14211886304909555
4 0.14680232558139536 0.6944444444444444 0.007267441860465098 0.21576227390180883
4 0.11809593023255814 0.8010335917312662 0.013808139534883725 0.31266149870801047
4 0.4614825581395348 0.6841085271317828 0.005813953488372121 0.19250645994832033
4 0.4018895348837209 0.625968992248062 0.0058139534883720504 0.15891472868217066
4 0.5574127906976745 0.7086563307493541 0.01744186046511622 0.2390180878552971
7 0.6849563953488372 0.5794573643410853 0.03125 0.0633074935400517
2 0.501453488372093 0.5045219638242895 0.997093023255814 0.9909560723514212
