4 0.6924446202531646 0.8267405063291139 0.007120253164557084 0.19778481012658233
4 0.6087816455696202 0.8022151898734177 0.005340189873417742 0.14556962025316453
4 0.5580498417721518 0.7318037974683546 0.005340189873417671 0.0901898734177216
3 0.5322389240506328 0.8109177215189873 0.010680379746835413 0.1882911392405063
4 0.37737341772151894 0.7056962025316456 0.0035601265822784002 0.0854430379746836
4 0.38760878164556956 0.7492088607594937 0.006230221518987378 0.13765822784810125
4 0.3800435126582278 0.803006329113924 0.003560126582278471 0.1914556962025317
1 0.44902096518987333 0.7357594936708861 0.08811313291139243 0.18037974683544314
7 0.16243077531645567 0.6985759493670887 0.025810917721518986 0.058544303797468306
2 0.3270866297468354 0.7642405063291139 0.6488330696202531 0.4620253164556962
