7 0.6497231012658227 0.5617088607594937 0.02492088607594951 0.05379746835443044
4 0.5344640031645569 0.6526898734177214 0.004450158227848107 0.1787974683544303
4 0.5495945411392404 0.5822784810126582 0.0026700949367089066 0.13291139240506333
4 0.5584948575949366 0.5292721518987341 0.0026700949367089066 0.030063291139240535
3 0.39828916139240506 0.5814873417721519 0.004450158227848107 0.1882911392405063
3 0.449910996835443 0.5474683544303798 0.004450158227848107 0.10443037974683549
3 0.47616693037974683 0.5213607594936709 0.005340189873417742 0.055379746835443056
4 0.2478738132911392 0.5308544303797469 0.006230221518987342 0.19778481012658233
4 0.33821202531645567 0.5261075949367089 0.007120253164557013 0.11867088607594944
4 0.3925039556962025 0.5221518987341772 0.003560126582278471 0.05379746835443044
0 0.7912381329113926 0.6115506329113921 0.07654272151898728 0.14715189873417717
1 0.42276503164556956 0.4232594936708861 0.07298259493670883 0.13765822784810133
2 0.592761075949367 0.620253164556962 0.6799841772151898 0.75
