0 0.38372093023255816 0.5135658914728682 0.05523255813953483 0.12790697674418602
1 0.7191133720930233 0.4735142118863049 0.04433139534883722 0.11240310077519382
4 0.4916424418604651 0.7093023255813954 0.005087209302325562 0.16279069767441862
4 0.3917151162790698 0.7138242894056848 0.005813953488371979 0.148578811369509
4 0.19149709302325582 0.8475452196382429 0.005087209302325562 0.23255813953488372
4 0.12245639534883722 0.7777777777777777 0.005087209302325579 0.15503875968992262
4 0.3197674418604652 0.6770025839793281 0.008720930232558181 0.1136950904392765
4 0.09920058139534885 0.7112403100775194 0.006540697674418609 0.17183462532299743
3 0.24018895348837208 0.6731266149870802 0.010901162790697683 0.11886304909560713
3 0.36700581395348836 0.7474160206718347 0.015988372093023243 0.2028423772609819
7 0.5363372093023255 0.5988372093023255 0.02325581395348827 0.047803617571059435
2 0.5250726744186046 0.6737726098191215 0.5341569767441859 0.5671834625322998
