4 0.531127268162037 0.551732117621683 0.008953635742214274 0.17080782031301248
4 0.537842494968698 0.5645886202258883 0.005165559082046727 0.12305509635453589
4 0.555061025242187 0.5621397625869919 0.004476817871107244 0.10346423524336601
3 0.6430477149397166 0.5997909487850217 0.004821188476577021 0.10407644965309004
3 0.6857496700179698 0.5771390156252315 0.008953635742214203 0.1775421788199771
3 0.6831668904769463 0.6117291297746408 0.0044768178711071015 0.12060623871563969
4 0.7134715037582873 0.5921382686634709 0.006543041503925764 0.10346423524336594
4 0.8703323145497737 0.5798939804689897 0.005509929687516717 0.1977452543408711
1 0.6005167322834645 0.15223097112860892 0.07160433070866148 0.1496062992125984
0 0.17716535433070868 0.15485564304461943 0.06643700787401574 0.12598425196850396
2 0.4248277559055118 0.3451443569553806 0.7271161417322834 0.5800524934383202
