1 0.5872293307086615 0.19816272965879264 0.06717519685039364 0.12860892388451442
0 0.21186023622047245 0.2020997375328084 0.06053149606299211 0.12860892388451442
2 0.428450708542607 0.3797140565275568 0.6451771653543307 0.5039370078740157
4 0.8446767044422748 0.5778491843405114 0.00416688432618443 0.18250111553874213
4 0.755278095262319 0.6145514382034686 0.007197345654318497 0.13334029843790007
4 0.5278040918192536 0.5515851861633491 0.0090913839844022 0.163644911719241
4 0.5495855326152175 0.566064056953323 0.004924499658217911 0.11583096631979195
4 0.5332968029764964 0.5657273390279749 0.006439730322284945 0.12727937578163193
3 0.6713721972396064 0.5751554409377253 0.0090913839844022 0.1703792702262055
3 0.6355748728010223 0.5977155419360569 0.002651653662117255 0.10101537760446966
4 0.7033814450180226 0.5882874400263064 0.0049244996582180536 0.09697476250029091
