4 0.6261372626582281 0.659018987341772 0.004450158227847416 0.12183544303797421
4 0.621242088607595 0.6542721518987341 0.0035601265822784007 0.07753164556962037
4 0.6047765031645569 0.6242088607594937 0.0026700949367089066 0.06487341772151893
3 0.637262658227848 0.6566455696202531 0.003560126582278542 0.0632911392405063
3 0.7449564873417708 0.776898734177215 0.003560126582278536 0.10126582278481022
3 0.7516317246835404 0.8022151898734172 0.0026700949367089656 0.1582278481012658
4 0.9189576740506333 0.8868670886075957 0.004450158227848106 0.18196202531645705
4 0.8277294303797466 0.8306962025316454 0.005340189873417721 0.11075949367088606
4 0.7769976265822792 0.7373417721518988 0.005340189873417671 0.06012658227848145
0 0.43033030063291133 0.4501582278481013 0.050731803797468444 0.12183544303797461
1 0.7445114715189873 0.6566455696202531 0.06141218354430393 0.1392405063291139
2 0.6092266613924049 0.6305379746835444 0.6114517405063287 0.6155063291139243
