0 0.5675872093023255 0.41343669250645987 0.056686046511627876 0.10594315245478036
4 0.9382267441860465 0.43152454780361765 0.06976744186046518 0.124031007751938
4 0.6468023255813954 0.6246770025839794 0.010174418604651124 0.16666666666666663
4 0.37899709302325574 0.6705426356589147 0.006540697674418609 0.1989664082687338
4 0.31577034883720934 0.5956072351421189 0.005087209302325597 0.1369509043927647
4 0.2961482558139535 0.5368217054263567 0.006540697674418574 0.1434108527131783
4 0.47638081395348836 0.5549095607235143 0.005087209302325633 0.11757105943152453
4 0.5428779069767442 0.5988372093023255 0.005813953488372121 0.1382428940568476
3 0.43059593023255816 0.5813953488372092 0.0021802325581395366 0.13436692506459955
3 0.5261627906976745 0.6266149870801033 0.005813953488372121 0.1782945736434108
3 0.4106104651162791 0.537467700258398 0.002906976744186096 0.10335917312661501
7 0.6893168604651163 0.522609819121447 0.02398255813953483 0.04521963824289408
2 0.7238372093023255 0.5665374677002584 0.5523255813953488 0.4405684754521964
