0 0.4552511867088607 0.4707278481012658 0.04539161392405063 0.10917721518987342
1 0.7801127373417721 0.5727848101265822 0.061412183544303785 0.1360759493670885
4 0.6581784018987337 0.6210443037974677 0.006230221518986978 0.15981012658227978
4 0.6510581487341764 0.6257911392405063 0.004450158227848106 0.0901898734177217
4 0.637262658227848 0.5506329113924051 0.0035601265822784002 0.041139240506329174
3 0.7943532436708861 0.71123417721519 0.006230221518987377 0.12816455696202514
3 0.7854529272151902 0.6954113924050634 0.004450158227848687 0.09968354430379746
4 0.9790348101265799 0.7784810126582273 0.008900316455694413 0.24050632911392456
4 0.8749011075949374 0.7120253164556962 0.0053401898734176745 0.13924050632911347
4 0.8192741297468353 0.6329113924050633 0.004450158227848107 0.0664556962025317
2 0.6532832278481011 0.6455696202531646 0.58564082278481 0.5917721518987341
3 0.6693037974683544 0.6099683544303798 0.003560126582278543 0.06803797468354432
