4 0.5134215530014695 0.5579154831598959 0.007197345654318497 0.18452142309083144
4 0.5202400909897713 0.5717209180991734 0.00416688432618443 0.13536060598998959
4 0.5378546474595507 0.5670068671442983 0.0045456919922011 0.105729428559345
3 0.6302837179676405 0.6050559927086485 0.0037880766601676896 0.11313722291700606
3 0.6732783880605431 0.6121270691409613 0.004924499658217911 0.142094964496954
3 0.6791499068838027 0.5828326096356651 0.00984899931643568 0.1993370118061536
4 0.7026359821768421 0.5952911728735498 0.006060922656268275 0.10707630026073786
4 0.764760439403591 0.6222286069014084 0.00530330732423451 0.14478870789974002
4 0.8770769123775608 0.5868732247398439 0.004924499658217911 0.2114588571186902
1 0.592765748031496 0.07086614173228346 0.09301181102362203 0.14173228346456693
0 0.04798228346456693 0.06496062992125984 0.09596456692913385 0.12992125984251968
2 0.40821850393700787 0.33333333333333326 0.8164370078740157 0.6666666666666665
