4 0.15008576329331014 0.584715075281113 0.013722126929674032 0.4497808271393174
4 0.6029159519725558 0.6502763483895561 0.005145797598628082 0.18753573470554627
4 0.9618353344768416 0.7614827520487895 0.01629502572898787 0.47703449590242136
3 0.5626072041166382 0.7095483133218982 0.013722126929674222 0.5168667810177235
3 0.6269296740994855 0.7135506003430531 0.010291595197255603 0.2744425385934819
3 0.46955403087478564 0.6304554983800266 0.006003430531732501 0.18753573470554616
4 0.4009433962264152 0.6121593291404609 0.004288164665522906 0.24242424242424238
4 0.805746140651801 0.7615780445969125 0.009433962264151035 0.2576710501238803
4 0.34090909090909094 0.5626072041166381 0.006003430531732405 0.1677148846960167
2 0.12049742710120068 0.5404993329521631 0.043739279588336205 0.07470935772822557
