4 0.5657703488372092 0.4043927648578811 0.006540697674418538 0.11886304909560721
4 0.6642441860465117 0.4231266149870801 0.017441860465116293 0.148578811369509
4 0.4106104651162791 0.44832041343669254 0.007267441860465169 0.20671834625323002
4 0.3448401162790698 0.38824289405684753 0.005087209302325633 0.13565891472868216
3 0.45566860465116277 0.3863049095607235 0.0058139534883720504 0.1291989664082687
3 0.5508720930232559 0.4186046511627907 0.007267441860465098 0.17571059431524538
1 0.9578488372093023 0.18927648578811368 0.07412790697674425 0.12015503875968994
0 0.6046511627906976 0.16085271317829458 0.05087209302325583 0.11498708010335919
7 0.7107558139534883 0.36950904392764855 0.027616279069767415 0.04651162790697676
2 0.7441860465116276 0.297157622739018 0.5116279069767441 0.4263565891472868
