1 0.5192307692307692 0.2068214804063861 0.14205370101596515 0.3265602322206096
3 0.37350326560232233 0.4216255442670536 0.05143323657474573 0.26560232220609564
3 0.43228410740203194 0.3962264150943394 0.031839622641509545 0.14804063860667577
3 0.4588171262699565 0.3860667634252539 0.024492017416545765 0.10740203193033374
4 0.2943124092888244 0.28664731494920176 0.030206821480406383 0.16110304789550076
4 0.3657474600870828 0.28809869375907105 0.031023222060957974 0.1291727140783747
7 0.6286284470246735 0.46298984034833074 0.03102322206095801 0.05224963715529779
4 0.5380079825834543 0.4709724238026125 0.04082002902757616 0.15239477503628443
4 0.5400489840348331 0.5587808417997098 0.05959724238026126 0.21480406386066775
2 0.5380079825834544 0.3955007256894049 0.9062046444121917 0.7910014513788098
