7 0.7747725474683542 0.6242088607594937 0.031151107594936746 0.06487341772151893
4 0.6537282436708861 0.7223101265822786 0.004450158227848107 0.19462025316455694
4 0.670193829113924 0.608386075949367 0.007120253164556942 0.06803797468354432
4 0.3684731012658227 0.5775316455696202 0.003560126582278471 0.1993670886075949
4 0.4494659810126582 0.5561708860759493 0.005340189873417671 0.13765822784810125
4 0.5028678797468354 0.5545886075949366 0.003560126582278542 0.04588607594936711
3 0.5104331487341771 0.6289556962025317 0.004450158227848107 0.18196202531645567
3 0.5567147943037974 0.6155063291139241 0.0026700949367089066 0.10126582278481017
3 0.5865308544303797 0.5672468354430379 0.0035601265822784002 0.06170886075949369
0 0.962816455696202 0.7049050632911384 0.07436708860759444 0.1629746835443036
1 0.5424742879746834 0.4825949367088607 0.07743275316455701 0.1424050632911392
2 0.6788963607594937 0.5593354430379747 0.6422072784810127 0.5300632911392406
