7 0.6746439873417721 0.5775316455696202 0.02670094936708864 0.05379746835443029
4 0.5620549841772151 0.670886075949367 0.004450158227848107 0.18354430379746836
4 0.27724485759493667 0.5466772151898734 0.004450158227848107 0.19145569620253156
4 0.36313291139240506 0.5340189873417721 0.003560126582278471 0.13449367088607594
4 0.41519976265822783 0.5379746835443038 0.004450158227848107 0.07278481012658218
3 0.4223200158227848 0.5965189873417721 0.004450158227848107 0.1708860759493671
3 0.47616693037974683 0.5569620253164558 0.005340189873417742 0.07278481012658233
3 0.5024228639240507 0.5253164556962026 0.0062302215189873065 0.03481012658227847
4 0.5718453322784809 0.5909810126582278 0.004450158227848107 0.09335443037974678
4 0.5798556170886076 0.5498417721518988 0.0026700949367089066 0.036392405063291236
0 0.8263943829113924 0.6313291139240507 0.07565268987341782 0.15189873417721522
1 0.4508010284810126 0.44462025316455694 0.0738726265822784 0.13291139240506325
2 0.6194620253164558 0.6273734177215191 0.6942246835443041 0.7262658227848103
