0 0.5010901162790699 0.1808785529715762 0.1344476744186047 0.2661498708010336
3 0.3292151162790698 0.5316537467700259 0.004360465116279002 0.14082687338501296
3 0.34120639534883723 0.5923772609819121 0.006540697674418609 0.1847545219638242
3 0.45821220930232553 0.6686046511627908 0.010901162790697683 0.2932816537467701
4 0.171875 0.599483204134367 0.007994186046511658 0.18863049095607232
4 0.49636627906976744 0.6253229974160207 0.007267441860465098 0.19638242894056845
4 0.6337209302325582 0.6621447028423774 0.023255813953488413 0.23901808785529724
4 0.4175145348837209 0.5536175710594315 0.005087209302325633 0.14341085271317838
4 0.17877906976744184 0.4683462532299742 0.007267441860465098 0.0736434108527132
7 0.6711482558139535 0.5368217054263567 0.029796511627907023 0.06589147286821706
2 0.5992005813953488 0.5025839793281655 0.8015988372093023 0.9948320413436693
