1 0.3770125223613595 0.4436493738819318 0.1457960644007156 0.34665076525541616
4 0.5950244555194135 0.6693209178914192 0.006873021651536981 0.13901191248383787
4 0.5847449055782434 0.627381979361996 0.003206644980649609 0.10785911497867103
4 0.5791050082528378 0.6129445492218637 0.005863800721532331 0.084731769065081
4 0.7106156354103862 0.5899126725566903 0.007488759350900526 0.0937065571163008
4 0.7415120726691485 0.6075261972135017 0.007251327705587237 0.10631616025799076
4 0.7892684249384057 0.6110369209991621 0.006496615626859454 0.13556996636088928
3 0.644463090229235 0.5990506692786106 0.0052255058289426915 0.09393870887613129
3 0.6618469395859232 0.6206289955736369 0.006097620378075474 0.11130987875173949
3 0.6908555734723193 0.6489228395726676 0.007133603304649228 0.13447617470126133
2 0.5626815334159471 0.5629140595518037 0.1292600409840021 0.10323882554270684
