4 0.16209262435677524 0.5892891175910043 0.015437392795883496 0.4802744425385934
4 0.40994854202401365 0.6167333714503527 0.008576329331046203 0.2759672193634458
4 0.3516295025728986 0.570230607966457 0.008576329331046094 0.1799123308557269
4 0.6818181818181821 0.7425195349723651 0.012006861063465104 0.2591957308938438
3 0.5673241852487121 0.7036401753382886 0.021440823327615762 0.5199161425576523
3 0.47813036020583133 0.6373165618448637 0.0077186963979416065 0.17686296931579915
3 0.638507718696398 0.7105012388031255 0.006003430531732411 0.2652944539736994
4 0.8190394511149228 0.7539546407470936 0.012006861063464953 0.26681913474366303
4 0.9849914236706689 0.7591957308938442 0.021440823327615703 0.4816085382123118
7 0.13936535162950256 0.542786354107109 0.04030874785591768 0.0731846769582618
