1 0.43800301810865194 0.3953722334004024 0.08148893360160962 0.15090543259557343
0 0.8250754527162978 0.4748490945674044 0.07696177062374232 0.15694164989939638
4 0.22504091583631358 0.6636999740615238 0.021647538141020065 0.21119549405873228
4 0.3182309275897292 0.6392951614147371 0.013727707113817616 0.14736752252098206
4 0.3755177053531603 0.6069118523257314 0.007919831027202378 0.11451489011184592
4 0.5381382357783842 0.694675313190138 0.015311673319258218 0.19429985453403376
3 0.3921493505102855 0.6721477938238732 0.012671729643523904 0.20180902765612202
3 0.4372923873653394 0.6468043345368245 0.012143740908376882 0.14736752252098184
2 0.45946791424150646 0.6242768151705602 0.010031785967789445 0.10043519050793041
7 0.6318562362669465 0.62380749185043 0.024287481816754167 0.054441505135139893
2 0.6038103621730374 0.6227364185110662 0.7051056338028158 0.6096579476861164
