7 0.5642800632911392 0.5284810126582279 0.0213607594936709 0.05063291139240505
4 0.44590585443037967 0.6170886075949368 0.005340189873417742 0.180379746835443
4 0.46281645569620244 0.5537974683544304 0.0035601265822784002 0.0886075949367089
3 0.3048358386075949 0.5569620253164557 0.006230221518987342 0.17721518987341767
3 0.3622428797468354 0.5166139240506329 0.005340189873417671 0.11550632911392399
3 0.3929489715189874 0.48813291139240506 0.004450158227848107 0.06803797468354432
4 0.13928995253164556 0.5071202531645571 0.004450158227848107 0.20411392405063297
4 0.2416435917721519 0.48892405063291133 0.004450158227848071 0.13291139240506325
4 0.3088409810126582 0.48813291139240506 0.0035601265822785065 0.06803797468354432
0 0.6750890031645569 0.5593354430379747 0.05963212025316466 0.13132911392405064
1 0.32486155063291133 0.39161392405063294 0.06408227848101263 0.13765822784810133
2 0.4699367088607599 0.5830696202531644 0.6408227848101273 0.764240506329114
