4 0.5679002589150456 0.762486212009045 0.006612707774413949 0.11498094841185962
4 0.5839188166542733 0.78348360522337 0.005000982704063057 0.13098591778288943
4 0.6046337017568839 0.801477426008683 0.005996394415500006 0.18033646014997834
4 0.409741395398443 0.7989109931660455 0.005484800606722041 0.11487842740280975
4 0.38826563029262223 0.8138893808355452 0.005107201476028439 0.13631183148122794
4 0.3451519585621661 0.8860102868751176 0.006210212680900687 0.2023110681930968
3 0.4901724475763263 0.7724705782361699 0.004269831881217106 0.10912375985537119
3 0.4848445331577887 0.7949779776206733 0.005627234131795291 0.12128455629162398
3 0.48069681377638596 0.8373219295026776 0.003779360514170694 0.15194594937911596
2 0.41638380512154327 0.7146804099522979 0.14658117117889324 0.0916355219349371
