4 0.7049050632911391 0.8227848101265823 0.007120253164556942 0.19303797468354433
4 0.618571993670886 0.7919303797468354 0.005340189873417742 0.13449367088607603
4 0.5696202531645569 0.7357594936708861 0.007120253164556942 0.1139240506329115
3 0.5442543512658227 0.8093354430379748 0.008010284810126507 0.17879746835443044
4 0.38760878164556956 0.6985759493670887 0.004450158227848036 0.09335443037974671
4 0.4000692246835442 0.7452531645569621 0.004450158227848107 0.129746835443038
4 0.3907238924050633 0.7927215189873417 0.005340189873417742 0.19936708860759494
1 0.4610363924050633 0.7310126582278481 0.09078322784810126 0.18670886075949375
7 0.1775613132911392 0.6930379746835443 0.02759098101265824 0.05379746835443029
2 0.3337618670886075 0.7602848101265823 0.6604034810126581 0.46677215189873417
