0 0.6663339006720348 0.5201339704335992 0.056917185648828264 0.11151122086301064
1 0.3849423042755313 0.5294265721721833 0.05982112369213596 0.10738117564586197
3 0.38999760798883015 0.7170452866064145 0.009520458034202832 0.17277868284293987
3 0.43680652665699393 0.6821369404810044 0.007933715028502349 0.13117075513790524
3 0.46140104324535114 0.6595699288443754 0.005553600519951587 0.10578286704669772
4 0.253934395250015 0.7367914217884648 0.009520458034203007 0.1755995592975183
4 0.3340649170378887 0.696946541867542 0.004760229017101452 0.13540206981977335
4 0.5159453340663048 0.7121087528109021 0.006743657774227074 0.16995780638836108
4 0.5268541922304955 0.6662695104239996 0.005553600519951698 0.13046553602426078
4 0.5357796216375605 0.6521651281511066 0.005156914768526648 0.10366720970576396
7 0.6317458386223249 0.6173308300326289 0.027839406035014704 0.05290553790562178
2 0.511569416498994 0.6277665995975857 0.511569416498994 0.44668008048289776
