0 0.4135174418604652 0.38049095607235145 0.04941860465116271 0.09689922480620161
1 0.7242005813953489 0.454780361757106 0.045784883720930196 0.10594315245478036
3 0.40116279069767447 0.6007751937984496 0.007267441860465098 0.18087855297157623
4 0.323764534883721 0.5478036175710592 0.007994186046511474 0.13178294573643407
4 0.5199854651162791 0.6175710594315246 0.01235465116279073 0.15245478036175705
4 0.44149709302325585 0.5820413436692506 0.009447674418604635 0.1279069767441861
4 0.24563953488372092 0.6072351421188631 0.015988372093023243 0.19638242894056845
4 0.20385174418604649 0.545219638242894 0.005087209302325597 0.14728682170542634
2 0.5421511627906979 0.5536175710594319 0.5247093023255818 0.4586563307493545
7 0.6035610465116279 0.5542635658914729 0.02398255813953483 0.056847545219638175
