4 0.671875 0.45736434108527135 0.01235465116279073 0.1524547803617571
4 0.42550872093023256 0.4806201550387597 0.009447674418604635 0.19121447028423774
4 0.359375 0.4218346253229974 0.006540697674418538 0.15116279069767435
3 0.46729651162790703 0.4160206718346254 0.005813953488372121 0.12661498708010335
4 0.5617732558139535 0.4515503875968993 0.005813953488371981 0.16925064599483214
4 0.5777616279069767 0.4263565891472868 0.004360465116279073 0.10335917312661501
3 0.4458575581395348 0.3708010335917313 0.0021802325581395366 0.09560723514211887
0 0.6180959302325582 0.22157622739018087 0.05159883720930232 0.11240310077519379
1 0.9734738372093023 0.26421188630490955 0.05305232558139537 0.12273901808785531
7 0.720203488372093 0.3901808785529715 0.023255813953488344 0.05167958656330747
2 0.7543604651162791 0.35465116279069764 0.49127906976744184 0.4121447028423772
