1 0.582306338028169 0.3008048289738431 0.0939386317907445 0.17505030181086514
4 0.6253143863179074 0.5995975855130785 0.01244969818913475 0.2012072434607647
4 0.6050027291973789 0.5471341410407077 0.0063886636952766905 0.14992064138249211
4 0.5947808672849362 0.5318013481720437 0.006388663695276548 0.11698353077573245
4 0.293555374052642 0.6169835307757324 0.009582995542914965 0.22147367476959068
4 0.4235646802515219 0.526690417215822 0.007666396434331929 0.11584776834101644
4 0.3746914029826555 0.5709851521697406 0.007027530064804353 0.1521921662519238
3 0.4695630588575135 0.6005149754723519 0.012777327390552928 0.215794862596011
3 0.4983120454862588 0.5590596466052241 0.007666396434332015 0.1465133540783446
3 0.5104505065072843 0.537480160345623 0.006388663695276548 0.11698353077573245
2 0.6768108651911467 0.47183098591549305 0.6405935613682091 0.7102615694164992
