1 0.5090843023255814 0.5490956072351422 0.05595930232558139 0.11627906976744193
0 0.20893895348837213 0.5904392764857881 0.04142441860465116 0.10077519379844958
3 0.34774709302325574 0.7810077519379846 0.0036337209302325845 0.17183462532299743
3 0.32049418604651164 0.7428940568475452 0.004360465116279073 0.12144702842377271
4 0.19367732558139536 0.8598191214470283 0.006540697674418574 0.2338501291989664
4 0.2103924418604651 0.7842377260981912 0.003633720930232549 0.15762273901808782
4 0.4760174418604651 0.7667958656330748 0.004360465116279073 0.16925064599483208
4 0.436046511627907 0.7564599483204134 0.004360465116279073 0.1485788113695091
4 0.40370639534883723 0.719638242894057 0.0036337209302325845 0.13178294573643412
7 0.6635174418604651 0.6518087855297158 0.027616279069767415 0.06330749354005177
2 0.35973837209302323 0.6937984496124031 0.47383720930232553 0.46511627906976744
