4 0.7373912183544303 0.821993670886076 0.006230221518987378 0.20411392405063297
4 0.6506131329113924 0.7903481012658227 0.005340189873417813 0.14082278481012664
4 0.5954311708860759 0.7254746835443038 0.003560126582278471 0.09968354430379747
3 0.5705102848101266 0.7966772151898734 0.008900316455696214 0.18196202531645567
4 0.4160897943037975 0.6748417721518988 0.004450158227848107 0.07753164556962026
4 0.42810522151898733 0.7294303797468354 0.005340189873417671 0.1329113924050634
4 0.4174248417721519 0.7800632911392404 0.007120253164556942 0.20253164556962033
1 0.4908524525316455 0.7223101265822786 0.08633306962025315 0.185126582278481
7 0.21138251582278478 0.6700949367088608 0.02581091772151897 0.049050632911392424
2 0.3506724683544303 0.7531645569620247 0.6995648734177213 0.4936708860759488
