4 0.6670787183544303 0.7318037974683544 0.004450158227848107 0.125
4 0.7244857594936708 0.7974683544303798 0.003560126582278542 0.15506329113924053
4 0.827284414556962 0.8417721518987341 0.008010284810126507 0.21835443037974683
3 0.6385977056962023 0.7745253164556962 0.0026700949367089066 0.13132911392405078
3 0.6430478639240504 0.8077531645569621 0.004450158227848107 0.19462025316455694
4 0.4819521360759494 0.682753164556962 0.004450158227848178 0.0996835443037974
4 0.4921875 0.733386075949367 0.003560126582278471 0.14715189873417728
4 0.4837321993670885 0.7745253164556962 0.0062302215189873065 0.19462025316455694
7 0.2888152689873417 0.6558544303797469 0.022250791139240497 0.049050632911392424
0 0.04450158227848101 0.6574367088607594 0.08188291139240506 0.1787974683544303
1 0.5638350474683542 0.7215189873417727 0.09523338607594947 0.19620253164556978
2 0.40095925632911383 0.7468354430379748 0.7947982594936707 0.5063291139240508
