7 0.39259153318077805 0.5829519450800916 0.02188215102974823 0.030892448512585914
4 0.8009510869565218 0.7008009153318078 0.028961670480549203 0.5983981693363843
4 0.7558995995423342 0.7168192219679635 0.014802631578947399 0.26430205949656765
4 0.48591247139588106 0.5903890160183066 0.01158466819221971 0.160183066361556
4 0.4572725972540046 0.6172768878718535 0.01351544622425628 0.24370709382151026
4 0.17634439359267737 0.5572082379862701 0.03217963386727689 0.31807780320366136
3 0.37135297482837537 0.6550343249427913 0.0360411899313498 0.4816933638443933
4 0.6757723112128149 0.7316933638443937 0.02316933638443921 0.30320366132723114
3 0.5985411899313502 0.6653318077803205 0.007723112128146497 0.18192219679633873
4 0.9438286613272312 0.8232265446224257 0.01351544622425621 0.35354691075514866
