7 0.7351661392405063 0.6099683544303798 0.02848101265822791 0.058544303797468306
4 0.6159018987341771 0.6946202531645569 0.005340189873417671 0.1867088607594937
4 0.6274723101265822 0.6170886075949366 0.003560126582278543 0.10443037974683542
4 0.6354825949367088 0.5640822784810127 0.0035601265822784002 0.030063291139240462
3 0.4734968354430379 0.6147151898734178 0.005340189873417742 0.18196202531645567
3 0.5251186708860759 0.5973101265822786 0.003560126582278471 0.09968354430379747
3 0.5531546677215189 0.5625 0.004450158227848107 0.06170886075949383
4 0.3346518987341771 0.5743670886075948 0.005340189873417742 0.2088607594936709
4 0.41697982594936706 0.550632911392405 0.0062302215189873065 0.12341772151898744
4 0.4690466772151898 0.5577531645569621 0.005340189873417742 0.06170886075949369
0 0.9122824367088608 0.6748417721518988 0.08722310126582272 0.16613924050632917
1 0.5082080696202531 0.47151898734177217 0.06942246835443036 0.14240506329113928
2 0.6606507120253161 0.5617088607594938 0.6786985759493667 0.5569620253164551
