4 0.39276048714479034 0.6123139377537213 0.010656292286874204 0.1935047361299054
4 0.33985960757780787 0.6326116373477674 0.0159844384303112 0.2936400541271989
4 0.12254736129905279 0.7442489851150204 0.04719215155615698 0.5115020297699594
4 0.655742557510149 0.6285520974289581 0.008372801082544044 0.16914749661705003
4 0.7295754397834913 0.685385656292287 0.012939783491204225 0.25033829499323423
4 0.9529769959404603 0.7658998646820028 0.044147496617050024 0.46820027063599445
3 0.5891407307171854 0.7686062246278754 0.02892422192151557 0.46278755074424893
3 0.5259641407307173 0.6129905277401896 0.015223274695534528 0.17861975642760497
3 0.5396650879566982 0.6569688768606226 0.018267929634641432 0.25575101488497975
2 0.40798376184032475 0.49932341001353187 0.22682679296346417 0.19485791610284167
