4 0.4698293003884156 0.5508137960070969 0.0061986708984562 0.1579513177088073
4 0.4756836006814019 0.563058084201578 0.004821188476577021 0.11754516666701939
4 0.491524648533012 0.5596909049480957 0.005509929687516504 0.09489323350722927
3 0.5741735938457598 0.5958115551218153 0.005509929687516504 0.09979094878502166
3 0.6070609866681242 0.5762206940106454 0.00723178271486546 0.15978796093797945
4 0.6836834463851511 0.6114230225697789 0.008264894531274792 0.12244288194481193
4 0.7618555738267918 0.5777512300349555 0.007576153320335237 0.17019560590328858
0 0.15095964566929154 0.20275590551181122 0.06569881889763782 0.12729658792650922
1 0.5255905511811025 0.22572178477690308 0.060531496062992074 0.13385826771653545
2 0.3513779527559057 0.3661417322834648 0.62746062992126 0.5249343832020998
