4 0.5153018735197665 0.5537079004894288 0.0056351553622327796 0.1608454221911392
4 0.5209370288819994 0.5653956301296154 0.004382898615069877 0.11966008917333887
4 0.5354945135677674 0.563169395912437 0.0034437060546979124 0.10296333254450092
3 0.6203349081880505 0.599345701941586 0.0040698344282792225 0.10296333254450082
3 0.656180757575587 0.5807009903727169 0.0056351553622327796 0.1691938005055583
4 0.8233570333218273 0.5832055038670426 0.0056351553622327796 0.181994647254334
4 0.6846695985735419 0.5915538821814615 0.0031306418679069737 0.10296333254450075
0 0.21001476377952777 0.20144356955380593 0.05536417322834648 0.11417322834645667
1 0.5791092519685042 0.21456692913385844 0.06126968503937014 0.1167979002624672
2 0.4226131889763781 0.351706036745407 0.6355807086614174 0.5328083989501313
