4 0.6252472310126577 0.666139240506329 0.0062302215189877115 0.11708860759493703
4 0.6172369462025312 0.6424050632911394 0.004450158227848107 0.08860759493670853
4 0.6029964398734177 0.6305379746835443 0.0044501582278479645 0.06170886075949369
3 0.7485166139240479 0.8014240506329116 0.0053401898734178 0.1408227848101268
3 0.7413963607594936 0.7895569620253166 0.005340189873417671 0.1044303797468357
3 0.6345925632911392 0.6566455696202531 0.003560126582278677 0.07594936708860762
4 0.919847705696203 0.9058544303797461 0.006230221518987378 0.16297468354430245
4 0.8223892405063269 0.8306962025316454 0.0071202531645570685 0.12341772151898663
4 0.7761075949367089 0.7492088607594937 0.007120253164556942 0.06170886075949369
0 0.4285502373417721 0.4414556962025316 0.0453916139240507 0.11392405063291136
1 0.7436214398734177 0.6645569620253166 0.05607199367088612 0.1424050632911392
2 0.6061115506329102 0.6091772151898734 0.6159018987341749 0.5822784810126583
