4 0.2961108395307527 0.6967514299308681 0.028748986628744932 0.1340199672964703
3 0.3536088127882421 0.5740890869815556 0.0658032360613488 0.12493386781874304
3 0.3424286513215084 0.7614898887096715 0.03194331847638324 0.17717893981567243
3 0.39864889183994295 0.7541074328840185 0.024276922042051226 0.13288420486175426
0 0.42995334394679785 0.7461570958410064 0.021721456563940686 0.11016895616743691
2 0.6349346076458754 0.7605633802816901 0.07017102615694142 0.14889336016096574
4 0.4664373655454446 0.8423073644361466 0.03379127904939715 0.17646556836907407
4 0.4891408811567583 0.7981909723438781 0.02428748181675431 0.12953323635602246
4 0.5036605713732961 0.7892738292613981 0.01847960573013907 0.1041897770689745
2 0.46346830985915494 0.7092555331991952 0.5557092555331993 0.5734406438631791
