7 0.8838014240506328 0.6851265822784811 0.03382120253164572 0.06962025316455694
4 0.7507416930379747 0.7674050632911391 0.004450158227848249 0.15822784810126578
4 0.7605320411392404 0.6606012658227849 0.004450158227848107 0.055379746835442986
3 0.5909810126582278 0.692246835443038 0.005340189873417813 0.20411392405063297
3 0.6434928797468353 0.6613924050632911 0.005340189873417671 0.11075949367088611
3 0.6644086234177214 0.6471518987341773 0.004450158227848107 0.05696202531645568
4 0.44857594936708856 0.613132911392405 0.005340189873417671 0.20411392405063292
4 0.529568829113924 0.5973101265822784 0.007120253164556942 0.12183544303797475
4 0.5869758702531646 0.5490506329113924 0.0062302215189873065 0.05063291139240498
1 0.6515031645569619 0.5348101265822786 0.08366297468354432 0.1550632911392406
2 0.7229529272151902 0.6060126582278482 0.5398536392405071 0.5443037974683539
