4 0.5383631589795567 0.8270543565319047 0.019746778694491384 0.1641692973816545
4 0.5554963934350713 0.7842051374039886 0.013358114999214833 0.1342264695573276
4 0.5691449022386167 0.7712987461003991 0.009292601738584401 0.10841368695014904
4 0.36586923920708697 0.7387746400153548 0.01626205304252231 0.12596637912303038
1 0.4120418540956774 0.6159057948051856 0.05401324760552079 0.10325113042871344
3 0.6920900402414486 0.710261569416499 0.062248490945674015 0.1287726358148894
3 0.41416648076590834 0.7864578893406151 0.015839662054404968 0.1717723351677688
2 0.4667013599130177 0.7653383399347407 0.013199718378671234 0.13141052963654434
3 0.4941567741406531 0.749850670370435 0.011087763438083513 0.10794436363001864
2 0.5381664989939636 0.7515090543259555 0.5104376257545272 0.4969818913480885
