7 0.37247824367088606 0.6606012658227847 0.022250791139240535 0.04588607594936711
4 0.5580498417721518 0.7080696202531646 0.003560126582278542 0.14082278481012672
4 0.5731803797468353 0.7238924050632911 0.007120253164557013 0.1313291139240505
4 0.5673951740506328 0.7800632911392404 0.004450158227848107 0.19303797468354433
4 0.7605320411392404 0.7357594936708861 0.00801028481012665 0.11075949367088614
4 0.8241693037974683 0.8069620253164558 0.007120253164557084 0.14240506329113928
4 0.9505537974683542 0.8615506329113924 0.012460443037974613 0.2357594936708861
3 0.5963212025316456 0.745253164556962 0.003560126582278542 0.12341772151898737
3 0.7280458860759493 0.7919303797468353 0.008900316455696214 0.15664556962025317
3 0.7369462025316454 0.8188291139240507 0.007120253164556942 0.19462025316455708
0 0.15709058544303797 0.6582278481012659 0.07743275316455696 0.1613924050632913
1 0.6661886867088608 0.733386075949367 0.10769382911392406 0.21044303797468353
2 0.475721914556962 0.7587025316455696 0.9158425632911391 0.4825949367088608
