0 0.44113372093023256 0.501937984496124 0.0552325581395349 0.10981912144702839
1 0.771123872026251 0.5417919970832193 0.042657916324856444 0.10937927262783703
2 0.5733337943796859 0.6668807617545621 0.5274815422477439 0.4885607510710052
7 0.5439680232558141 0.5562015503875969 0.029796511627906953 0.04521963824289401
4 0.5079941860465116 0.6795865633074935 0.011627906976744241 0.15762273901808782
4 0.4080668604651163 0.6401808785529716 0.0036337209302325845 0.12015503875968989
4 0.2158430232558139 0.7512919896640827 0.008720930232558172 0.22868217054263565
4 0.13917151162790697 0.6485788113695091 0.005087209302325597 0.15503875968992248
3 0.279796511627907 0.6324289405684754 0.008720930232558181 0.14857881136950893
3 0.2561773255813954 0.5742894056847545 0.0021802325581395366 0.1175710594315246
3 0.3884447674418604 0.689922480620155 0.007994186046511587 0.19121447028423774
