1 0.6417151162790699 0.3708010335917312 0.1409883720930233 0.27131782945736427
0 0.08321220930232558 0.40633074935400515 0.05886627906976744 0.1847545219638243
3 0.35719476744186046 0.7377260981912144 0.006540697674418538 0.2454780361757107
3 0.3426598837209302 0.6770025839793281 0.005087209302325633 0.16020671834625339
4 0.5316133720930233 0.7493540051679587 0.015261627906976669 0.22739018087855303
4 0.4832848837209302 0.6950904392764857 0.008720930232558075 0.1524547803617571
4 0.153343023255814 0.7745478036175715 0.011627906976744146 0.2571059431524547
4 0.21257267441860467 0.6763565891472868 0.005087209302325562 0.148578811369509
4 0.4469476744186046 0.650516795865633 0.004360465116279144 0.1382428940568476
7 0.7598110465116281 0.6330749354005168 0.03561046511627907 0.06459948320413446
2 0.4393168604651162 0.5833333333333334 0.8786337209302324 0.8333333333333335
