7 0.44101068037974683 0.48338607594936706 0.020470727848101333 0.058544303797468306
4 0.30706091772151894 0.5767405063291139 0.005340189873417742 0.185126582278481
4 0.33020174050632906 0.5126582278481012 0.005340189873417742 0.12974683544303794
4 0.34043710443037967 0.4675632911392406 0.0026700949367089066 0.03955696202531641
3 0.13928995253164556 0.5181962025316456 0.008010284810126578 0.19778481012658225
3 0.2158326740506329 0.47310126582278483 0.004450158227848107 0.1234177215189873
3 0.25232397151898733 0.4359177215189874 0.006230221518987342 0.064873417721519
4 0.06942246835443038 0.46677215189873417 0.003560126582278471 0.1867088607594937
0 0.5122132120253164 0.4936708860759494 0.050731803797468375 0.12974683544303794
1 0.12682950949367086 0.3291139240506329 0.08099287974683542 0.16139240506329114
2 0.3083959651898734 0.49525316455696206 0.6150118670886076 0.7658227848101267
