0 0.21075581395348833 0.4877260981912145 0.05232558139534884 0.11498708010335917
1 0.5635901162790697 0.47609819121447033 0.05741279069767444 0.11498708010335917
4 0.4589389534883722 0.7383720930232555 0.0050872093023255 0.22868217054263534
4 0.4029796511627907 0.6976744186046511 0.0036337209302325134 0.14987080103359177
4 0.3604651162790698 0.6479328165374677 0.0029069767441860252 0.1072351421188631
4 0.15334302325581395 0.7667958656330748 0.010174418604651158 0.20025839793281663
4 0.171875 0.6350129198966408 0.005087209302325597 0.12015503875968996
3 0.32412790697674426 0.7189922480620154 0.005813953488372121 0.19250645994832055
3 0.27906976744186046 0.6866925064599482 0.004360465116279073 0.1434108527131783
3 0.29069767441860467 0.6369509043927648 0.0029069767441860252 0.10852713178294579
7 0.6130087209302325 0.6130490956072352 0.028343023255813903 0.060723514211886424
2 0.37863372093023256 0.6298449612403101 0.561046511627907 0.47674418604651164
