0 0.30377906976744184 0.4806201550387597 0.05813953488372093 0.11111111111111115
1 0.65625 0.4599483204134367 0.04941860465116292 0.10852713178294572
4 0.3811773255813954 0.6776485788113695 0.005087209302325562 0.1382428940568476
4 0.46620639534883723 0.6912144702842378 0.007994186046511658 0.16795865633074938
4 0.15515988372093023 0.7919896640826873 0.006540697674418609 0.227390180878553
4 0.11300872093023255 0.7151162790697674 0.005087209302325579 0.14341085271317822
4 0.31940406976744184 0.6343669250645995 0.003633720930232549 0.10852713178294579
3 0.33575581395348836 0.7138242894056848 0.004360465116279073 0.1873385012919897
3 0.25218023255813954 0.6795865633074937 0.004360465116279073 0.14211886304909577
3 0.24200581395348839 0.6324289405684754 0.0029069767441860252 0.10981912144702846
2 0.4574854651162791 0.627906976744186 0.5632267441860466 0.5142118863049095
