4 0.8562104430379748 0.8552215189873418 0.005340189873417813 0.21044303797468358
4 0.8606606012658227 0.7492088607594937 0.007120253164556942 0.11867088607594925
3 0.6782041139240504 0.738132911392405 0.005340189873417813 0.21677215189873408
3 0.7280458860759493 0.7143987341772151 0.003560126582278543 0.11550632911392412
3 0.7529667721518988 0.6962025316455697 0.005340189873417813 0.060126582278480924
4 0.5255636867088607 0.6447784810126583 0.006230221518987378 0.1882911392405064
4 0.6065565664556961 0.625 0.0062302215189873065 0.11392405063291136
4 0.6648536392405063 0.6004746835443038 0.005340189873417671 0.064873417721519
1 0.7627571202531646 0.5838607594936708 0.1085838607594937 0.1867088607594936
2 0.7698773734177218 0.6463607594936707 0.4592563291139244 0.5490506329113924
