7 0.7689873417721518 0.6257911392405063 0.03026107594936704 0.058544303797468444
4 0.6964497626582279 0.8227848101265822 0.006230221518987378 0.22151898734177206
4 0.6799841772151899 0.7278481012658227 0.005340189873417813 0.15822784810126578
4 0.6715288765822782 0.6748417721518986 0.006230221518987235 0.07436708860759494
4 0.35423259493670883 0.8789556962025316 0.008900316455696214 0.21677215189873422
4 0.44323575949367083 0.8140822784810127 0.003560126582278471 0.19145569620253156
4 0.4948575949367088 0.7365506329113926 0.0035601265822784002 0.15664556962025317
3 0.5268987341772151 0.8457278481012659 0.005340189873417671 0.2136075949367087
3 0.5682852056962024 0.7911392405063292 0.006230221518987378 0.06645569620253156
1 0.5794106012658227 0.6629746835443038 0.09434335443037967 0.17721518987341775
2 0.673753955696203 0.6843354430379744 0.6354825949367089 0.6313291139240503
