7 0.47928204113924056 0.495253164556962 0.024030854430379733 0.05696202531645575
4 0.35289754746835444 0.5846518987341772 0.004450158227848107 0.17879746835443044
4 0.37247824367088606 0.502373417721519 0.004450158227848107 0.09651898734177224
4 0.38538370253164556 0.4778481012658228 0.003560126582278471 0.04430379746835442
3 0.19758702531645567 0.5268987341772152 0.005340189873417707 0.2025316455696203
3 0.26344936708860756 0.4857594936708861 0.005340189873417707 0.12341772151898747
3 0.29860561708860756 0.44857594936708867 0.004450158227848142 0.064873417721519
4 0.12682950949367086 0.4659810126582278 0.004450158227848172 0.15664556962025333
0 0.5584948575949367 0.5102848101265822 0.05607199367088597 0.13132911392405064
1 0.19269185126582278 0.34731012658227844 0.07743275316455697 0.16297468354430383
2 0.3337618670886075 0.507120253164557 0.6604034810126581 0.7832278481012659
