4 0.4631456387311668 0.5545059410610826 0.007244460520776883 0.1586881828360633
4 0.4697432724197314 0.5650851532501535 0.003363499527503464 0.11637133407977984
4 0.4856552124921518 0.5641652217554518 0.003622230260388406 0.10257236165925257
3 0.5681903162824306 0.5970527726910417 0.00465715319192796 0.09843266993309442
3 0.601307850091696 0.577504228428628 0.0077619219865466245 0.16236790881487073
4 0.6776334162927372 0.612921590974648 0.0056920761234674445 0.12281085454269267
4 0.7540883478602212 0.5807239886600845 0.004398422459043161 0.17156722376188882
1 0.5185625040671569 0.23219768453060574 0.062116578027295685 0.12324717862558689
0 0.14225805592858368 0.20113939551695784 0.05934351650822011 0.12423315605459159
2 0.3399773422386815 0.3662906148752442 0.6333672509568911 0.5393296536655682
