0 0.3448702677516613 0.5144796550823133 0.05523255813953478 0.09431524547803621
1 0.5981104651162791 0.4489664082687338 0.03343023255813946 0.07881136950904384
4 0.40334302325581406 0.7009043927648579 0.004360465116279073 0.15374677002583986
4 0.203125 0.7299741602067183 0.006540697674418609 0.11886304909560721
4 0.12209302325581396 0.8888888888888888 0.018895348837209305 0.21447028423772607
3 0.11409883720930232 0.7506459948320412 0.015988372093023243 0.13178294573643412
3 0.1569767441860466 0.782299741602067 0.017441860465116303 0.1563307493540053
3 0.29396802325581395 0.7635658914728682 0.021075581395348805 0.18346253229974166
2 0.4487645348837209 0.627906976744186 0.4280523255813955 0.4599483204134365
7 0.4153343023255814 0.6143410852713178 0.02543604651162795 0.042635658914728654
