7 0.7792227056962026 0.5854430379746836 0.029371044303797476 0.05379746835443051
4 0.6911095727848101 0.6946202531645569 0.004450158227848107 0.1392405063291139
4 0.6853243670886076 0.6139240506329113 0.005340189873417671 0.06962025316455701
3 0.564725079113924 0.692246835443038 0.006230221518987414 0.17246835443037978
3 0.5936511075949366 0.6526898734177214 0.005340189873417829 0.11234177215189874
3 0.6087816455696202 0.6273734177215191 0.003560126582278471 0.0490506329113925
4 0.4374505537974684 0.6946202531645571 0.006230221518987378 0.16455696202531642
4 0.49307753164556956 0.6590189873417722 0.005340189873417742 0.13132911392405056
4 0.5331289556962024 0.6123417721518988 0.008900316455696214 0.09493670886075939
0 0.9372033227848101 0.5727848101265822 0.06942246835443029 0.11708860759493675
1 0.618571993670886 0.5514240506329113 0.05518196202531641 0.09651898734177217
2 0.7476265822784802 0.6503164556962023 0.5037579113924051 0.4177215189873414
