4 0.4650081119118387 0.5498954743925109 0.006887412109395612 0.15733910329908327
4 0.47086241220482505 0.562139762586992 0.0034437060546978417 0.11693295225729536
4 0.4863590894509653 0.5587725833335098 0.0048211884765769495 0.10162759201419391
3 0.5688358494609783 0.593056590278057 0.0037880766601676896 0.10162759201419398
3 0.6022397981915474 0.5737718363717491 0.006543041503925906 0.1610123897574276
4 0.6780013313948997 0.6071375217017103 0.005165559082046797 0.12121845312536379
4 0.7547959764146615 0.5725474075523009 0.006543041503925764 0.1671345338546682
1 0.5198416249105225 0.2257217847769028 0.06241052254831786 0.11453113815318534
0 0.14638511095204002 0.20066809830589352 0.06845025053686474 0.11214507277499403
2 0.34296875 0.36111111111111116 0.6328125 0.525
