4 0.8099287974683542 0.8235759493670887 0.0035601265822784002 0.20411392405063297
4 0.7115803006329113 0.791139240506329 0.006230221518987378 0.14240506329113928
4 0.6550632911392404 0.7238924050632911 0.007120253164556942 0.1091772151898735
4 0.47082674050632906 0.6716772151898734 0.003560126582278471 0.09335443037974685
4 0.4712717563291139 0.7697784810126582 0.006230221518987378 0.1946202531645568
4 0.47972705696202517 0.7231012658227851 0.005340189873417705 0.13291139240506328
3 0.6310324367088608 0.7990506329113924 0.003560126582278543 0.1772151898734178
3 0.6239121835443037 0.759493670886076 0.005340189873417671 0.1139240506329115
1 0.5522646360759493 0.7104430379746836 0.0916732594936709 0.1962025316455695
7 0.2759098101265823 0.6558544303797469 0.02848101265822784 0.055379746835442986
0 0.03738132911392404 0.6550632911392406 0.06764240506329113 0.17088607594936697
2 0.38938884493670883 0.7333860759493672 0.7752175632911391 0.504746835443038
