4 0.8775712025316454 0.8417721518987342 0.008900316455696071 0.20569620253164544
4 0.7698773734177214 0.795886075949367 0.005340189873417671 0.1392405063291139
4 0.7080201740506328 0.7262658227848101 0.008010284810126507 0.10443037974683549
4 0.5162183544303797 0.6851265822784811 0.0035601265822784002 0.1012658227848101
4 0.5300138449367089 0.7270569620253164 0.004450158227848107 0.13449367088607603
4 0.5197784810126582 0.7689873417721519 0.003560126582278613 0.19303797468354417
3 0.5513746044303797 0.7349683544303798 0.006230221518987378 0.12183544303797475
3 0.6777590981012657 0.7808544303797467 0.004450158227848107 0.1439873417721519
3 0.6853243670886076 0.803006329113924 0.003560126582278542 0.17879746835443044
7 0.3270866297468354 0.6503164556962026 0.022250791139240497 0.05063291139240505
0 0.09879351265822783 0.6518987341772151 0.07654272151898732 0.1677215189873418
1 0.6070015822784809 0.7207278481012659 0.09612341772151893 0.20411392405063297
2 0.43033030063291144 0.7412974683544303 0.8499802215189873 0.5110759493670886
