4 0.537447664016723 0.5523165041036923 0.005322091175442054 0.17587250315709332
4 0.5437089477525371 0.5645607922981735 0.0034437060546979124 0.12689535037916863
4 0.5596752212788634 0.563169395912437 0.005322091175442054 0.10741580097885774
3 0.6499942391679838 0.6004588190501752 0.0037567702414885674 0.10741580097885774
3 0.694449353692265 0.5784747561555384 0.008139668856558445 0.18700367424298542
3 0.6900664550771951 0.6071375217017103 0.004382898615070019 0.14192243134512267
4 0.721216341662871 0.5926669992900507 0.005322091175442125 0.10630268387026852
4 0.8868272964751576 0.5843186209756318 0.00720047629618648 0.20870945786047485
0 0.16277066929133854 0.13188976377952755 0.07160433070866139 0.1404199475065617
1 0.6123277559055118 0.12401574803149608 0.08193897637795274 0.16404199475065617
2 0.42335137795275585 0.3398950131233595 0.7655019685039369 0.6194225721784776
