2 0.5956285883674206 0.5366109056049072 0.1681561022801989 0.15265354800238554
4 0.5645138710745303 0.6090236063571429 0.008231116769276405 0.13690306165785215
4 0.5255303861772814 0.6007362841502499 0.011352478413584065 0.17881865132256397
4 0.439622178051318 0.636542714843052 0.014301392557819868 0.2742797819498007
4 0.7879443409469807 0.6401905527556394 0.010565883709575565 0.15508337449563053
4 0.8165039825258903 0.6666865617809523 0.013416815742397122 0.19876764062810537
4 0.8757858553611944 0.6709991235656312 0.015490466482054632 0.30546311687159267
3 0.6718077509915222 0.6177057073250416 0.00795284013837251 0.142843508002379
3 0.6587895541472107 0.6313431271535225 0.011279110319346171 0.18337578383899722
3 0.6389275900998205 0.6648002941694878 0.011133919810457034 0.2815752037307446
