7 0.8971518987341771 0.6914556962025316 0.035601265822784854 0.06962025316455694
4 0.7636471518987341 0.7848101265822782 0.0035601265822784002 0.20569620253164558
4 0.7743275316455696 0.6772151898734177 0.003560126582278542 0.09177215189873408
3 0.6038864715189873 0.6890822784810127 0.004450158227848107 0.2009493670886075
3 0.6528382120253164 0.6677215189873418 0.004450158227848107 0.1107594936708859
3 0.6746439873417721 0.6566455696202531 0.003560126582278542 0.05063291139240505
4 0.46148140822784806 0.6139240506329113 0.004450158227848107 0.2025316455696202
4 0.5384691455696202 0.6075949367088608 0.005340189873417742 0.1392405063291139
4 0.5958761867088608 0.5775316455696202 0.004450158227848107 0.0886075949367089
1 0.665743670886076 0.5443037974683544 0.08722310126582279 0.15506329113924047
2 0.7340783227848101 0.6115506329113924 0.5318433544303798 0.5680379746835442
