4 0.5096667181575338 0.5550992968751653 0.006261283735814232 0.16362821496261234
4 0.528763633551767 0.5640042337438789 0.0056351553622327796 0.10018053977302786
3 0.6128213677050734 0.5987891433872913 0.005322091175442125 0.10185021543591169
3 0.6486672170926099 0.5781964768783913 0.006887412109395683 0.16418477351690683
4 0.6765299297169832 0.5901624857957251 0.002504513494325664 0.09906742266443878
4 0.7280289884440555 0.6127031072446563 0.004695962801860674 0.12411255760769571
4 0.811304062130385 0.5826489453127479 0.004695962801860674 0.17754217881997725
0 0.2020848246241946 0.20400858983536152 0.06308160343593414 0.12168933428775952
1 0.5698371510379384 0.217131949415414 0.061739441660701576 0.12884753042233363
2 0.4094488188976378 0.3400143163922691 0.6361846814602721 0.5058458601765687
