1 0.563953488372093 0.4198966408268734 0.09738372093023266 0.2041343669250646
0 0.1584302325581395 0.43992248062015504 0.04360465116279069 0.1382428940568476
3 0.39571220930232553 0.7054263565891472 0.005087209302325562 0.21447028423772607
3 0.22456395348837208 0.7338501291989664 0.010174418604651148 0.2196382428940569
3 0.39026162790697666 0.6492248062015503 0.004360465116279002 0.14341085271317822
4 0.5545058139534883 0.7177002583979327 0.013081395348837219 0.20542635658914726
7 0.811046511627907 0.6059431524547803 0.03779069767441868 0.06201550387596903
4 0.5192587209302326 0.6653746770025839 0.005087209302325633 0.13695090439276492
4 0.48946220930232553 0.6201550387596899 0.0036337209302325845 0.11627906976744186
3 0.41933139534883723 0.5975452196382429 0.004360465116279073 0.10723514211886304
4 0.27834302325581395 0.6459948320413438 0.0072674418604651335 0.1343669250645995
2 0.39571220930232553 0.582687338501292 0.6664244186046511 0.6485788113695091
