1 0.3608490566037734 0.2619738751814223 0.16001451378809872 0.3294629898403483
0 0.9355950653120457 0.6552975326560226 0.07347605224963812 0.23367198838896924
7 0.5237209724238021 0.4818577648766327 0.023675616835994243 0.055152394775036105
4 0.15307510885341075 0.3867924528301887 0.02694121915820029 0.18722786647314954
4 0.2359397677793904 0.36937590711175616 0.02449201741654569 0.1523947750362845
3 0.24736937590711175 0.5029027576197387 0.04082002902757623 0.2481857764876632
3 0.31064042089985483 0.47242380261248185 0.02204281567489115 0.1494920174165457
4 0.4294267053701016 0.4760522496371553 0.02285921625544269 0.11030478955007261
4 0.43187590711175616 0.5050798258345428 0.03102322206095792 0.15384615384615394
4 0.433916908563135 0.5914368650217707 0.04000362844702465 0.20754716981132085
