1 0.3808508708272859 0.6429608127721335 0.05633164005805511 0.1277213352685051
0 0.024083817126269957 0.5965166908563134 0.04490203193033381 0.13352685050798258
4 0.41391509433962265 0.6937590711175616 0.004898403483309153 0.11611030478955016
3 0.4400399129172714 0.7097242380261248 0.006531204644412156 0.11030478955007254
3 0.5322931785195937 0.7554426705370102 0.006531204644412227 0.15820029027576196
3 0.5416817851959361 0.7431059506531205 0.005714804063860584 0.1277213352685051
4 0.5792362119013063 0.7002902757619739 0.007347605224963729 0.08563134978229314
4 0.6147496371552975 0.7496371552975327 0.004898403483309082 0.12046444121915811
4 0.6727140783744556 0.7764876632801162 0.008164005805515302 0.16835994194484769
2 0.26206458635703916 0.7322206095791002 0.5175979680696662 0.5123367198838897
