4 0.285436400541272 0.7246278755074426 0.05175913396481729 0.4722598105548038
4 0.4350050744248986 0.6197564276048716 0.01750676589986476 0.23545331529093388
4 0.47877198917456026 0.614343707713126 0.012178619756427622 0.1650879566982409
4 0.7284336941813262 0.671853856562923 0.013700947225981112 0.1664411366711773
4 0.7919908660351829 0.7313937753721246 0.014462110960757713 0.23680649526387001
4 0.9586857239512855 0.7997293640054127 0.0479533152909336 0.40054127198917444
3 0.622251353179973 0.7780784844384304 0.03273004059539922 0.4248985115020298
3 0.6047445872801084 0.6779431664411368 0.019029093369418177 0.23815967523680656
3 0.600177604871448 0.6380243572395129 0.01750676589986469 0.16644113667117716
2 0.501606901217862 0.5135317997293641 0.20094722598105555 0.2070365358592693
