4 0.9389833860759492 0.8544303797468354 0.008900316455696071 0.23101265822784797
4 0.8179390822784809 0.7998417721518988 0.007120253164557084 0.13765822784810125
4 0.7511867088607594 0.7310126582278482 0.0071202531645568005 0.12025316455696199
3 0.7218156645569619 0.7768987341772151 0.007120253164556942 0.15189873417721514
3 0.7302709651898732 0.8093354430379748 0.006230221518987235 0.18512658227848106
3 0.5900909810126582 0.740506329113924 0.003560126582278471 0.12341772151898736
4 0.5544897151898733 0.6906645569620252 0.0053401898734176 0.11867088607594937
4 0.5624999999999999 0.7729430379746836 0.005340189873417671 0.21044303797468358
4 0.5673951740506328 0.7096518987341773 0.004450158227848107 0.10601265822784811
7 0.3662480221518987 0.6598101265822784 0.022250791139240462 0.044303797468354486
0 0.149970332278481 0.6621835443037974 0.0738726265822785 0.16297468354430378
1 0.6559533227848101 0.7231012658227849 0.10324367088607588 0.20886075949367083
2 0.4628164556962024 0.7571202531645566 0.9060522151898731 0.4825949367088602
