4 0.5063795441962313 0.5554028742684171 0.005976679929640909 0.1603900561012619
4 0.5115024127073521 0.5640042337438789 0.0036998494802537607 0.11586537175769393
4 0.527013320143801 0.563498271421793 0.0034152456740805803 0.09765072816259789
3 0.6106868391587731 0.6004335209340709 0.0039844532864272255 0.10068650209511375
3 0.6459777111242715 0.578171178762287 0.006830491348161018 0.16342583003377775
4 0.7252398711435565 0.6130825789862209 0.004269057092600405 0.12598461819941378
4 0.8084864844492685 0.5799420468895878 0.004553660898773728 0.17607488808592783
1 0.5643454724409451 0.2185039370078742 0.05979330708661415 0.13254593175853022
0 0.19894192913385844 0.20734908136482957 0.05241141732283463 0.11548556430446195
2 0.4030511811023624 0.35301837270341224 0.6171259842519685 0.5249343832020997
