4 0.7231507120253164 0.8164556962025316 0.006230221518987378 0.19620253164556956
4 0.6337025316455696 0.7753164556962026 0.005340189873417813 0.12341772151898737
4 0.5843057753164557 0.7207278481012659 0.006230221518987378 0.10917721518987335
3 0.5567147943037973 0.7895569620253164 0.008010284810126578 0.17405063291139242
4 0.4027393196202531 0.6700949367088608 0.004450158227848107 0.06170886075949369
4 0.4143097310126582 0.7136075949367089 0.00801028481012665 0.1012658227848101
4 0.40407436708860756 0.7800632911392407 0.005340189873417671 0.18670886075949356
1 0.47438686708860756 0.7199367088607596 0.08900316455696206 0.1740506329113925
7 0.19536194620253164 0.6764240506329113 0.02759098101265824 0.049050632911392285
2 0.3404371044303797 0.7492088607594937 0.6773140822784809 0.48575949367088606
