0 0.3628060059508929 0.6600080391330301 0.056686046511627834 0.11240310077519382
1 0.7340116279069767 0.5936692506459949 0.06395348837209312 0.12015503875968989
3 0.40261627906976755 0.8611111111111112 0.007267441860465098 0.20284237726098184
4 0.5348837209302325 0.8397932816537468 0.0058139534883720504 0.1602067183462532
4 0.45348837209302323 0.817829457364341 0.0058139534883720504 0.1136950904392765
4 0.22783430232558138 0.9198966408268734 0.006540697674418574 0.1602067183462532
4 0.19258720930232556 0.8636950904392765 0.005813953488372086 0.1459948320413436
3 0.32412790697674426 0.8262273901808785 0.004360465116279144 0.15116279069767444
2 0.5330668604651163 0.7532299741602067 0.5734011627906976 0.4935400516795866
7 0.6206395348837209 0.6925064599483204 0.03052325581395337 0.05943152454780361
