4 0.6243571993670884 0.6028481012658229 0.0026700949367089066 0.06329113924050639
4 0.6003263449367089 0.5799050632911392 0.0026700949367089066 0.06170886075949369
3 0.7525217563291139 0.7033227848101266 0.004450158227848107 0.058544303797468306
3 0.7445114715189873 0.6985759493670887 0.004450158227848107 0.05537974683544292
3 0.6350375791139239 0.6091772151898734 0.004450158227848107 0.04430379746835442
4 0.6132318037974683 0.6115506329113924 0.005340189873417671 0.049050632911392354
4 0.9176226265822784 0.7879746835443038 0.005340189873417671 0.11075949367088611
4 0.8286194620253164 0.7294303797468354 0.003560126582278542 0.05696202531645582
0 0.42142998417721517 0.4604430379746836 0.048951740506329104 0.12025316455696206
1 0.7369462025316454 0.5933544303797469 0.0676424050632913 0.15189873417721522
2 0.6052215189873408 0.5632911392405061 0.589200949367087 0.4303797468354432
