4 0.2386128662732628 0.7393425212327125 0.028748986628744966 0.21465910016129533
4 0.3724553706893087 0.6791471121927725 0.012777327390553239 0.12379810538402737
4 0.5478241891246527 0.8080561485330213 0.01980485745535759 0.19762266364055775
4 0.5407966590598484 0.7478607394930813 0.013416193760080972 0.1499206413824922
3 0.40535698871998344 0.7671687008832506 0.017249391977246942 0.2067087631182848
3 0.43985577267447296 0.7330958278417726 0.012138461021024827 0.1476491165130638
7 0.6207872233400402 0.7162977867203218 0.030558350100603635 0.06438631790744452
1 0.494592555331992 0.5603621730382293 0.07017102615694171 0.14688128772635814
0 0.8539361167002011 0.6730382293762576 0.07130281690140848 0.15090543259557335
2 0.6417253521126761 0.6941649899396377 0.6587022132796787 0.5995975855130786
