1 0.5840040241448692 0.4708249496981891 0.08601609657947684 0.16498993963782696
4 0.6345846448958258 0.818939955972291 0.013119839216363923 0.22540506285002151
4 0.6178381353487977 0.7620061443618144 0.009873389347244597 0.16003925216450512
4 0.6094167150232063 0.7454859634932212 0.006969451303938215 0.11047870955872355
4 0.2986953443892964 0.7769775582739787 0.02323150434646056 0.2250874643345955
4 0.43576122003341367 0.7134781130603198 0.0069694513039381435 0.12080382260159482
3 0.4740932022050721 0.791948972186142 0.011615752173230303 0.22818499824745767
3 0.5089404587247643 0.7532297982753746 0.008131026521261192 0.1466166052087732
3 0.5225889675283101 0.7403234069717854 0.008711814129922786 0.12080382260159482
7 0.6977489939637826 0.7334004024144869 0.030558350100603635 0.062374245472836945
2 0.6894471884498481 0.6451367781155016 0.6043882978723404 0.6489361702127661
