7 0.3671380537974683 0.6392405063291139 0.022250791139240535 0.047468354430379806
4 0.5544897151898733 0.6843354430379747 0.003560126582278471 0.13449367088607594
4 0.5678401898734177 0.7207278481012659 0.0035601265822784002 0.15664556962025317
4 0.5607199367088608 0.7539556962025316 0.003560126582278542 0.1882911392405063
4 0.752076740506329 0.7175632911392404 0.010680379746835484 0.11550632911392412
4 0.8192741297468353 0.7895569620253164 0.00801028481012665 0.14240506329113928
4 0.9420984968354429 0.8425632911392406 0.011570411392405049 0.22626582278481014
3 0.5905359968354429 0.7199367088607594 0.004450158227848107 0.12974683544303786
3 0.721815664556962 0.7674050632911392 0.003560126582278542 0.1487341772151899
3 0.7298259493670887 0.7966772151898734 0.007120253164556942 0.19462025316455694
0 0.15486550632911392 0.6289556962025317 0.08188291139240506 0.16930379746835442
1 0.6599584651898733 0.7025316455696202 0.10057357594936718 0.20569620253164558
2 0.466376582278481 0.7365506329113924 0.9185126582278481 0.5110759493670884
