4 0.918512658227848 0.8512658227848101 0.007120253164556942 0.22784810126582286
4 0.8041435917721518 0.7966772151898733 0.004450158227848107 0.1408227848101265
4 0.7396162974683544 0.7397151898734177 0.005340189873417671 0.13132911392405064
3 0.7080201740506328 0.7792721518987341 0.008010284810126507 0.15348101265822792
3 0.7173655063291139 0.8077531645569621 0.003560126582278542 0.18829113924050644
3 0.5785205696202531 0.7389240506329113 0.003560126582278471 0.12341772151898737
4 0.5415842563291138 0.6930379746835443 0.004450158227848107 0.12341772151898737
4 0.5567147943037974 0.7444620253164557 0.004450158227848107 0.15981012658227856
4 0.5513746044303797 0.7816455696202533 0.006230221518987378 0.20253164556962033
7 0.35467761075949367 0.6613924050632911 0.024030854430379733 0.047468354430379875
0 0.13350474683544303 0.6724683544303798 0.07654272151898735 0.1708860759493672
1 0.6390427215189873 0.7254746835443038 0.09612341772151907 0.20727848101265814
2 0.4494659810126578 0.7531645569620252 0.8935917721518979 0.4905063291139239
