7 0.370253164556962 0.6329113924050632 0.0213607594936709 0.047468354430379736
4 0.5584948575949366 0.6598101265822786 0.0026700949367089066 0.10759493670886072
4 0.5727353639240507 0.7025316455696202 0.004450158227848107 0.12974683544303808
4 0.5656151107594937 0.7460443037974684 0.0062302215189873065 0.18512658227848092
4 0.7551918512658227 0.7128164556962026 0.006230221518987235 0.125
4 0.8232792721518988 0.7721518987341773 0.007120253164556942 0.14240506329113928
4 0.946548655063291 0.824367088607595 0.011570411392405049 0.2183544303797467
3 0.5936511075949367 0.7080696202531646 0.005340189873417813 0.125
3 0.7347211234177214 0.7840189873417722 0.011570411392405049 0.19462025316455694
0 0.16020569620253167 0.620253164556962 0.07832278481012656 0.16455696202531642
1 0.6693037974683542 0.6819620253164557 0.10324367088607588 0.2025316455696202
2 0.4770569620253164 0.7325949367088608 0.918512658227848 0.5348101265822784
