0 0.44004360465116277 0.4276485788113695 0.05159883720930232 0.10594315245478036
3 0.43786337209302323 0.6705426356589147 0.005087209302325562 0.1912144702842378
4 0.4171511627906977 0.5956072351421189 0.002906976744186096 0.10852713178294572
4 0.4771075581395349 0.6388888888888888 0.005087209302325562 0.12273901808785524
4 0.5646802325581396 0.6711886304909561 0.008720930232558146 0.16925064599483214
4 0.27398255813953487 0.7034883720930233 0.013081395348837219 0.20542635658914732
3 0.23401162790697672 0.6220930232558142 0.007267441860465132 0.12790697674418616
3 0.35683139534883723 0.6246770025839793 0.007267441860465098 0.13565891472868224
1 0.7848837209302326 0.4670542635658915 0.052325581395348875 0.1279069767441861
2 0.5901162790697674 0.6027131782945736 0.5552325581395349 0.5129198966408268
7 0.643531976744186 0.5852713178294573 0.022529069767441925 0.05684754521963832
