4 0.44513077488582936 0.7736590472468046 0.007461359690343375 0.26880525515177883
4 0.5507520631741627 0.697655698835578 0.0070251538528394546 0.17860371669122532
4 0.5987310496937965 0.6846989394649501 0.004271079199028007 0.14226929485406584
3 0.7118772612250561 0.6904326951120484 0.004702203920114751 0.1137180414148283
3 0.6852337600719892 0.7451291319931562 0.004669727384837599 0.18347218971928467
3 0.6412098552900847 0.831686653690719 0.008254578499502266 0.28344016698485774
3 0.8382863400066541 0.7383062763753143 0.009091523331807122 0.14484259327927224
3 0.8564670837027661 0.8024231350383277 0.012320552092618599 0.21070337849571533
3 0.8901298261550348 0.8590873013562589 0.012886183649031333 0.27613112576630605
2 0.6411201915338333 0.5826785767242377 0.18142607820968695 0.16148257806695118
