7 0.6105617088607593 0.5443037974683544 0.023140822784810396 0.06012658227848105
4 0.49174248417721517 0.6321202531645569 0.004450158227848107 0.17246835443037972
4 0.510878164556962 0.5498417721518988 0.0035601265822784002 0.07753164556962033
3 0.35868275316455694 0.5664556962025317 0.005340189873417742 0.15506329113924053
4 0.3564576740506329 0.49208860759493667 0.004450158227848107 0.05063291139240505
3 0.40807950949367083 0.5387658227848101 0.004450158227848107 0.10601265822784818
3 0.43789556962025317 0.5071202531645569 0.003560126582278543 0.06170886075949362
4 0.1980320411392405 0.518987341772152 0.0062302215189873385 0.19936708860759528
4 0.29860561708860756 0.4984177215189874 0.006230221518987342 0.13924050632911394
0 0.7369462025316454 0.5799050632911392 0.06408227848101249 0.1408227848101265
1 0.3809335443037975 0.4137658227848101 0.06586234177215189 0.15031645569620253
2 0.5313488924050632 0.608386075949367 0.6568433544303798 0.7674050632911391
