7 0.4815071202531645 0.622626582278481 0.0213607594936709 0.04588607594936704
4 0.36001780063291133 0.7871835443037974 0.006230221518987378 0.2072784810126582
4 0.37292325949367083 0.7080696202531646 0.007120253164557013 0.15348101265822778
4 0.38404865506329117 0.6748417721518988 0.0062302215189873065 0.09968354430379747
3 0.20515229430379744 0.8037974683544303 0.009790348101265849 0.19936708860759508
3 0.2674545094936709 0.7286392405063292 0.008010284810126578 0.13449367088607603
3 0.29905063291139233 0.6898734177215189 0.007120253164556942 0.10443037974683542
4 0.1339497626582279 0.775316455696203 0.009790348101265802 0.18670886075949367
4 0.20693235759493667 0.7484177215189873 0.008010284810126578 0.10759493670886072
0 0.5309038765822784 0.6028481012658228 0.05429193037974692 0.11075949367088597
1 0.17845134493670883 0.6344936708860759 0.0792128164556962 0.12025316455696206
2 0.31685126582278467 0.7136075949367086 0.6337025316455693 0.48101265822784756
