7 0.794798259493671 0.5846518987341772 0.03204113924050631 0.06170886075949368
4 0.7289359177215189 0.761867088607595 0.007120253164557084 0.21044303797468344
4 0.7066851265822786 0.7151898734177214 0.0035601265822784002 0.09177215189873408
3 0.5567147943037974 0.7753164556962026 0.006230221518987378 0.22784810126582275
3 0.5887559335443037 0.6930379746835443 0.004450158227848107 0.15189873417721528
3 0.6047765031645569 0.6558544303797469 0.004450158227848107 0.11867088607594951
4 0.37959849683544306 0.7848101265822786 0.0062302215189873065 0.20569620253164558
4 0.51532832278481 0.6479430379746834 0.005340189873417671 0.10284810126582272
1 0.6568433544303797 0.5909810126582278 0.10324367088607601 0.185126582278481
2 0.7100474683544301 0.6764240506329111 0.5799050632911391 0.6313291139240502
