4 0.49920411303498796 0.5542115859810653 0.0026516536621173257 0.15825742491366931
4 0.504128612693206 0.5643131237415123 0.003409268994150807 0.11381065876770258
4 0.5189021116678597 0.5622928161894231 0.004166884326184359 0.09764819835098748
3 0.602618605857564 0.5983216342016838 0.004166884326184288 0.10101537760446981
3 0.6374689111311062 0.5764349690540487 0.009470191650419083 0.16364491171924114
4 0.7168291171616177 0.6111169153649166 0.00454569199220117 0.12121845312536372
4 0.7977045538561961 0.5781185586807898 0.0064397303222848735 0.17509332118108076
0 0.1896698282032927 0.2125984251968503 0.057041875447387265 0.12168933428775949
1 0.5554089119541875 0.21856358864232875 0.06241052254831786 0.11930326890956809
2 0.39166517537580525 0.3712717728465759 0.6220919828203294 0.5034597947983775
