4 0.34899357239512857 0.6948579161028419 0.026640730717185333 0.2638700947225982
4 0.4361468200270636 0.6461434370771315 0.009133964817320716 0.18267929634641406
4 0.4715409336941814 0.6400541271989175 0.008372801082543973 0.12449255751014889
7 0.5419485791610285 0.7212449255751017 0.01370094722598104 0.25439783491204343
7 0.5564106901217863 0.6779431664411368 0.012178619756427693 0.17320703653585923
7 0.5689698917456023 0.6522327469553452 0.009895128552097532 0.12719891745602177
4 0.6698240866035183 0.6765899864682003 0.007611637347767299 0.13802435723951298
4 0.6926589986468201 0.705683355886333 0.007611637347767157 0.1772665764546685
4 0.7326200947225981 0.7286874154262517 0.019029093369418035 0.2611637347767253
2 0.4909506089309879 0.5629228687415427 0.1644113667117727 0.1542625169147496
