4 0.7787776898734177 0.8417721518987342 0.008900316455696214 0.20569620253164544
4 0.6844343354430379 0.8037974683544303 0.005340189873417813 0.1360759493670885
4 0.6292523734177214 0.7325949367088609 0.003560126582278471 0.09493670886075947
3 0.6070015822784812 0.8132911392405059 0.007120253164556761 0.18670886075949358
3 0.5994363132911392 0.7863924050632911 0.004450158227848107 0.129746835443038
4 0.4450158227848101 0.6914556962025317 0.003560126582278542 0.07911392405063282
4 0.4574762658227848 0.7476265822784811 0.0035601265822784002 0.1344936708860759
4 0.4481309335443038 0.7998417721518988 0.004450158227848107 0.20094936708860758
7 0.24520371835443025 0.6859177215189873 0.027590981012658323 0.052215189873417674
1 0.5220035601265822 0.7397151898734177 0.08811313291139243 0.1914556962025317
0 0.015130537974683545 0.696993670886076 0.03026107594936709 0.17246835443037967
2 0.3715882120253165 0.7697784810126582 0.7413963607594937 0.4604430379746836
