3 0.28160999173695056 0.7378615928289188 0.01727963133207812 0.206502260857427
3 0.344728645074958 0.714822084386148 0.013919703017507388 0.15018346244176498
3 0.3752079947857068 0.6986090969634577 0.012479733739834202 0.11775748759638403
4 0.21993130767661617 0.7054356179835378 0.015839662054404898 0.1535967229518053
4 0.4332867556518582 0.7621810739629546 0.017279631332078084 0.19370253394477657
4 0.447926443308201 0.7169553722049231 0.012959723499058575 0.14421025654919464
4 0.4584862180111388 0.7088488784935779 0.008159825906814647 0.11434422708634415
1 0.27312636147463293 0.4603987561734042 0.07669986863328732 0.14799541047940537
0 0.6309031877213696 0.5460365498777793 0.06454013336215639 0.1496582802600728
2 0.41140593561368133 0.6488933601609653 0.6598340040241437 0.6700201207243456
