0 0.3648255813953488 0.040697674418604654 0.06686046511627908 0.08139534883720931
1 0.7209302325581396 0.10012919896640826 0.047965116279069804 0.13307493540051676
7 0.5018168604651163 0.3830749354005168 0.023982558139534902 0.05038759689922479
4 0.45675872093023256 0.4082687338501292 0.005087209302325633 0.1782945736434108
4 0.35174418604651164 0.4056847545219638 0.008720930232558146 0.14987080103359168
4 0.13263081395348839 0.42571059431524544 0.007994186046511604 0.2571059431524547
4 0.053052325581395346 0.38953488372093026 0.01162790697674419 0.17958656330749354
3 0.32594476744186046 0.3934108527131783 0.006540697674418538 0.21059431524547803
3 0.21184593023255827 0.3779069767441861 0.00799418604651163 0.16408268733850137
2 0.49127906976744184 0.24224806201550386 0.5552325581395349 0.4844961240310077
