7 0.7979133702531646 0.639240506329114 0.025810917721518934 0.05696202531645568
4 0.6728639240506328 0.7183544303797469 0.003560126582278542 0.17405063291139242
4 0.6888844936708861 0.6186708860759496 0.005340189873417813 0.0506329113924052
3 0.5291238132911392 0.6447784810126582 0.004450158227848107 0.18196202531645575
3 0.5767405063291139 0.6257911392405063 0.005340189873417742 0.10284810126582279
3 0.6052215189873418 0.5624999999999999 0.005340189873417742 0.04588607594936711
4 0.38671874999999994 0.5814873417721519 0.004450158227848107 0.18196202531645575
4 0.468601661392405 0.5553797468354431 0.004450158227848107 0.1139240506329115
4 0.5211135284810127 0.5593354430379747 0.004450158227848107 0.05537974683544313
1 0.5660601265822786 0.4936708860759492 0.08010284810126589 0.14556962025316456
2 0.6913568037974684 0.5648734177215189 0.6172863924050634 0.5189873417721522
