4 0.3717296511627907 0.7021963824289407 0.010901162790697683 0.17183462532299743
4 0.6617005813953489 0.7306201550387597 0.01235465116279073 0.1925064599483204
4 0.633720930232558 0.6795865633074935 0.004360465116279073 0.12919896640826883
4 0.606468023255814 0.6434108527131783 0.005087209302325491 0.1343669250645995
3 0.5134447674418605 0.7021963824289404 0.006540697674418538 0.18733850129198962
3 0.5403343023255814 0.609173126614987 0.005087209302325704 0.10206718346253225
4 0.4156976744186046 0.6466408268733851 0.005813953488372121 0.12532299741602068
0 0.3328488372093023 0.46124031007751937 0.031976744186046485 0.10077519379844965
1 0.6366279069767442 0.45736434108527135 0.08430232558139536 0.16795865633074938
2 0.5247093023255813 0.5833333333333333 0.5145348837209301 0.5671834625322997
7 0.9760174418604651 0.6589147286821705 0.047965116279069804 0.08268733850129188
