4 0.7529667721518988 0.7318037974683544 0.007120253164556942 0.11550632911392399
4 0.8192741297468353 0.8093354430379748 0.00801028481012665 0.1598101265822784
4 0.9425435126582278 0.8639240506329113 0.012460443037974613 0.2436708860759495
4 0.5558247626582279 0.6772151898734177 0.004450158227848107 0.09177215189873408
4 0.5665051424050632 0.7143987341772151 0.0026700949367089066 0.11550632911392412
4 0.5607199367088608 0.7697784810126582 0.005340189873417671 0.1946202531645568
3 0.5883109177215189 0.7246835443037974 0.005340189873417671 0.10443037974683549
3 0.7204806170886076 0.7792721518987341 0.004450158227848107 0.1439873417721519
3 0.7298259493670887 0.8053797468354431 0.007120253164556942 0.19303797468354447
7 0.3658030063291139 0.6511075949367089 0.0213607594936709 0.049050632911392354
0 0.15175039556962022 0.6471518987341773 0.07565268987341767 0.15822784810126578
1 0.6635185917721519 0.7175632911392406 0.10235363924050639 0.21044303797468353
2 0.46860166139240506 0.7428797468354429 0.9229628164556962 0.4984177215189872
