0 0.6032444668008048 0.7374245472837023 0.05885311871227373 0.11066398390342033
0 0.959758551307847 0.7967806841046277 0.07922535211267615 0.14889336016096577
4 0.4772875340527117 0.8941675913105683 0.0145196902165381 0.17655943303310004
4 0.5504667727440626 0.8704198313119644 0.0063886636952766905 0.1373240034701891
4 0.7517096791452772 0.9277242086999005 0.0069694513039381435 0.14248655999162466
4 0.7647774003401605 0.8972651252234303 0.0075502389126008915 0.14971413912163437
3 0.776393152513391 0.8791961773984047 0.0052270884779544976 0.121836333905882
3 0.6863710731708568 0.8678385530512466 0.005227088477953402 0.12183633390588175
3 0.6579124803464391 0.8900375460934193 0.008711814129922932 0.14971413912163517
2 0.6068031707842295 0.910687772179162 0.008711814129922777 0.17036436520737694
2 0.7444668008048291 0.8169014084507044 0.5110663983903417 0.36619718309859123
