0 0.38985217019036833 0.5014486706595811 0.05159883720930239 0.09083760095189207
1 0.6617005813953489 0.47416020671834624 0.03706395348837205 0.0801033591731266
4 0.18713662790697674 0.8107235142118863 0.005087209302325597 0.23126614987080102
4 0.4614825581395349 0.6847545219638244 0.004360465116279073 0.1447028423772611
4 0.09738372093023255 0.7622739018087856 0.01453488372093025 0.17571059431524547
4 0.062136627906976744 0.6892764857881137 0.006540697674418609 0.16149870801033595
4 0.3611918604651163 0.684108527131783 0.0058139534883720504 0.12532299741602068
3 0.23619186046511628 0.704780361757106 0.008720930232558146 0.13824289405684753
3 0.20748546511627908 0.6627906976744187 0.007994186046511621 0.12144702842377264
3 0.3502906976744186 0.7241602067183464 0.011627906976744241 0.1821705426356589
2 0.5032703488372092 0.6408268733850129 0.43241279069767435 0.4496124031007752
7 0.49200581395348836 0.5923772609819121 0.02470930232558139 0.04521963824289401
