0 0.424100079113924 0.5237341772151899 0.05607199367088604 0.13607594936708864
7 0.36936313291139244 0.5292721518987342 0.023140822784810226 0.049050632911392354
4 0.21983781645569622 0.6724683544303797 0.007120253164556977 0.19620253164556964
4 0.23897349683544303 0.5870253164556962 0.006230221518987378 0.13607594936708864
4 0.25499406645569617 0.5688291139240507 0.002670094936708871 0.10601265822784811
4 0.03916139240506329 0.5712025316455696 0.007120253164556964 0.17405063291139236
3 0.01869066455696202 0.6740506329113924 0.003560126582278478 0.22151898734177208
3 0.11080893987341771 0.6091772151898734 0.0044501582278480886 0.16139240506329103
3 0.1548655063291139 0.567246835443038 0.003560126582278471 0.12183544303797468
2 0.2656744462025316 0.6107594936708861 0.5242286392405063 0.6044303797468354
