2 0.4407195550132019 0.5370747312687009 0.04287790697674423 0.09301352159901664
1 0.5286970076352048 0.6746534023541515 0.39241907069083765 0.41940226839120776
1 0.6775274855229143 0.5670293793468019 0.03230472692324637 0.08290315249781456
2 0.44404069767441867 0.42894056847545214 0.010174418604651195 0.0051679586563307825
1 0.48728197674418605 0.5768733850129198 0.0036337209302325845 0.0012919896640826779
4 0.44113372093023256 0.7299741602067183 0.014534883720930267 0.1524547803617571
4 0.3273982558139535 0.712532299741602 0.007994186046511587 0.14082687338501287
4 0.2376453488372093 0.6686046511627908 0.008720930232558146 0.12015503875968996
4 0.17623546511627908 0.810077519379845 0.015261627906976756 0.23514211886304906
4 0.04578488372093023 0.733204134366925 0.014534883720930232 0.182170542635659
3 0.19955324785597575 0.7045681252708242 0.007994186046511611 0.14599483204134392
3 0.15588662790697674 0.655684754521964 0.00944767441860467 0.1279069767441861
7 0.4375 0.6369509043927648 0.026162790697674437 0.05167958656330739
