3 0.59810735092591 0.5798939804689897 0.006543041503925977 0.16713453385466814
3 0.5664252552226897 0.5936688046877812 0.0030993354492279933 0.1004031631947457
4 0.4627697029762851 0.5511199032119589 0.006543041503925906 0.15978796093797945
4 0.46845181796653645 0.562139762586992 0.005509929687516575 0.11693295225729536
4 0.4846372364236163 0.5606092265626818 0.0048211884765769495 0.09672987673640143
4 0.7516966409654333 0.5780573372398176 0.005854300292986352 0.17203224913246068
4 0.6764516636702856 0.6031581280385039 0.0034437060546979124 0.11325966579895094
1 0.5184252943367991 0.22691481746599848 0.06241052254831786 0.11691720353137672
0 0.13892905238976969 0.20365068002863274 0.06039727988546886 0.11811023622047247
2 0.338895848246242 0.36148890479599144 0.6563171080887618 0.4963015986638034
