7 0.3747033227848101 0.6669303797468353 0.0213607594936709 0.0427215189873418
4 0.5642800632911392 0.7025316455696203 0.003560126582278471 0.11075949367088611
4 0.5691752373417721 0.7919303797468353 0.008010284810126578 0.1977848101265822
4 0.5767405063291139 0.7397151898734177 0.005340189873417813 0.1344936708860759
4 0.7640921677215189 0.7547468354430379 0.008010284810126507 0.12025316455696199
4 0.8308445411392406 0.8251582278481012 0.008010284810126507 0.14715189873417728
4 0.955893987341772 0.8781645569620252 0.010680379746835484 0.22784810126582272
3 0.5994363132911392 0.7539556962025316 0.004450158227848107 0.12183544303797461
3 0.7329410601265822 0.8022151898734177 0.006230221518987378 0.15189873417721528
3 0.7418413765822782 0.8362341772151899 0.004450158227848107 0.20094936708860758
0 0.16510087025316456 0.6708860759493672 0.07387262658227849 0.16455696202531647
1 0.670193829113924 0.7539556962025317 0.10146360759493661 0.21044303797468358
2 0.4797270569620252 0.7610759493670878 0.9202927215189872 0.47784810126582217
