4 0.6147496371552976 0.24818577648766318 0.017960812772133374 0.17126269956458628
4 0.5580097968069666 0.2641509433962264 0.01224600870827274 0.1219158200290276
4 0.5200471698113198 0.23076923076923084 0.014695210449927444 0.09288824383164014
4 0.3469702467343978 0.3802612481857766 0.022859216255442575 0.13352685050798258
4 0.35390965166908556 0.306966618287373 0.02367561683599412 0.13497822931785197
3 0.47800253991291713 0.30116110304789534 0.0204100145137882 0.1552975326560231
3 0.48984034833091017 0.2859216255442671 0.0179608127721334 0.14223512336719876
3 0.3881984760522492 0.322931785195936 0.017144412191581804 0.1146589259796806
2 0.3024764150943396 0.24673439767779354 0.07755805515239496 0.13352685050798235
2 0.23022496371552992 0.3476052249637154 0.45228592162554465 0.4513788098693757
