0 0.35973837209302334 0.5232558139534884 0.029069767441860465 0.0878552971576228
1 0.6086482558139535 0.5277777777777778 0.06468023255813961 0.13565891472868216
7 0.9774709302325582 0.6731266149870802 0.043604651162790733 0.08268733850129195
4 0.6573401162790699 0.7525839793281653 0.009447674418604493 0.17958656330749365
4 0.6126453488372092 0.6647286821705427 0.004360465116279073 0.10981912144702846
4 0.6359011627906976 0.7086563307493541 0.004360465116279073 0.13307493540051696
4 0.39316860465116277 0.7189922480620154 0.007267441860465098 0.12532299741602074
3 0.522529069767442 0.7248062015503877 0.004360465116279073 0.17054263565891467
3 0.5486918604651162 0.6414728682170542 0.004360465116279073 0.09689922480620154
4 0.4309593023255814 0.6808785529715763 0.007267441860465169 0.116279069767442
2 0.5145348837209301 0.6272609819121447 0.41133720930232553 0.39405684754521964
