4 0.1773097826086957 0.5514874141876431 0.027674485125858118 0.32265446224256294
4 0.45341104118993136 0.606979405034325 0.00836670480549202 0.2574370709382151
4 0.7993421052631584 0.6922196796338669 0.02831807780320446 0.615560640732265
4 0.7436713386727689 0.6910755148741419 0.013515446224256352 0.26315789473684204
4 0.4797983409610984 0.57837528604119 0.01351544622425628 0.16132723112128156
3 0.5911398741418765 0.6550343249427918 0.008366704805491948 0.18421052631578952
3 0.6699799771167051 0.7093821510297482 0.019307780320366227 0.2906178489702516
3 0.6609696796338673 0.7145308924485128 0.0038615560640731417 0.00114416475972547
4 0.37714530892448517 0.6464530892448513 0.024456521739130398 0.49656750572082387
4 0.9287042334096111 0.8043478260869567 0.015446224256292993 0.37299771167048057
