0 0.4851017441860465 0.3339793281653747 0.04723837209302324 0.08656330749354002
4 0.5741279069767441 0.5555555555555556 0.010174418604651195 0.15503875968992253
4 0.4836482558139535 0.5335917312661498 0.005087209302325491 0.12661498708010327
3 0.4593023255813954 0.5542635658914729 0.005813953488372121 0.17054263565891475
3 0.3720930232558139 0.5239018087855297 0.0029069767441860252 0.13049095607235145
4 0.31359011627906974 0.5962532299741602 0.007994186046511658 0.19509043927648576
4 0.2547238372093023 0.5387596899224806 0.003633720930232549 0.14470284237726105
1 0.793968023255814 0.35723514211886304 0.04433139534883708 0.11240310077519379
2 0.6264534883720929 0.47545219638242897 0.4927325581395348 0.4160206718346254
7 0.6315406976744186 0.47286821705426346 0.02470930232558139 0.049095607235142114
