1 0.36851364443341955 0.4455712681524595 0.0588662790697673 0.0943152454780365
1 0.7621000820344546 0.4819979947133352 0.060705496308449514 0.1356302980585179
7 0.6486191860465115 0.588501291989664 0.03124999999999993 0.05555555555555557
4 0.5490552325581395 0.6847545219638244 0.009447674418604635 0.17054263565891467
4 0.4716569767441861 0.6472868217054264 0.005813953488372121 0.124031007751938
4 0.2311046511627907 0.6550387596899224 0.004360465116279073 0.14987080103359177
3 0.3528343023255814 0.6440568475452195 0.005087209302325562 0.148578811369509
3 0.4211482558139535 0.6873385012919897 0.005087209302325491 0.18863049095607237
3 0.34774709302325585 0.5891472868217054 0.0036337209302325845 0.09819121447028423
4 0.41533430232558133 0.6033591731266149 0.005087209302325633 0.1059431524547803
2 0.5643168604651163 0.6214470284237725 0.6068313953488371 0.46511627906976727
